F|3126459|solid
FL|-0.0|-0.0|-0.0|-5.0
FL|-0.0|-5.0|-33.0|-5.0
FL|-33.0|-5.0|-33.0|-0.0
FL|-33.0|-0.0|-0.0|-0.0
F|3126459|17_DP_isolatie_harde persing_1:5
FL|-25.55|-0.0|-10.01|-0.0
FA|-10.01|-0.0|-7.4|-2.5|2.51|0|0
FA|-7.4|-2.5|-10.01|-5.0|2.51|0|0
FL|-10.01|-5.0|-25.55|-5.0
FA|-25.55|-5.0|-28.16|-2.5|2.51|0|0
FA|-28.16|-2.5|-25.55|-0.0|2.51|0|0
F|2349362|solid
FL|-3.84|-18.1|-3.84|-23.87
FL|-3.84|-23.87|-2.2|-23.87
FL|-2.2|-23.87|-2.2|-18.1
FL|-2.2|-18.1|-3.84|-18.1
F|1497558|solid
FL|101.8|-28.68|101.8|-22.91
FL|101.8|-22.91|103.44|-22.91
FL|103.44|-22.91|103.44|-28.68
FL|103.44|-28.68|101.8|-28.68
F|2382404|00_DP_hout_naaldhout
FA|25.46|6.78|22.46|9.78|3.0|0|1
FL|22.46|9.78|-3.54|9.78
FA|-3.54|9.78|-6.54|6.78|3.0|0|1
FL|-6.54|6.78|-6.54|-1.86
FL|-6.54|-1.86|25.46|-1.86
FL|25.46|-1.86|25.46|6.78
F|1497558|00_DP_stuc
FL|100.37|-10.5|100.37|39.5
FL|100.37|39.5|107.04|39.5
FL|107.04|39.5|107.04|-10.5
FL|107.04|-10.5|100.37|-10.5
F|2382404|00_DP_stuc
FL|3.8|-83.86|3.8|-21.13
FL|3.8|-21.13|9.5|-21.13
FL|9.5|-21.13|9.5|-83.86
FL|9.5|-83.86|3.8|-83.86
F|2060005|<Solid fill>
FL|426.4|8.5|426.4|7.5
FL|426.4|7.5|396.9|5.5
FL|396.9|5.5|395.9|5.5
FL|395.9|5.5|366.4|7.5
FL|366.4|7.5|366.4|8.5
FL|366.4|8.5|426.4|8.5
F|3291649|<Solid fill>
FL|367.72|-81.23|367.72|-80.23
FL|367.72|-80.23|338.22|-78.23
FL|338.22|-78.23|337.22|-78.23
FL|337.22|-78.23|307.72|-80.23
FL|307.72|-80.23|307.72|-81.23
FL|307.72|-81.23|367.72|-81.23
F|3186765|00_DP_plaatmateriaal_multiplex
FL|79.39|94.85|67.39|94.85
FL|67.39|94.85|67.39|-5.15
FL|67.39|-5.15|79.39|-5.15
FL|79.39|-5.15|79.39|94.85
F|3447277|00_DP_gips_vert
FL|116.13|-88.41|103.63|-88.41
FL|103.63|-88.41|103.63|117.09
FL|103.63|117.09|116.13|117.09
FL|116.13|117.09|116.13|-88.41
F|3186765|<Solid fill>
FA|125.43|-8.69|127.43|-8.65|4.62|0|1
FL|127.43|-8.65|127.43|-49.16
FL|127.43|-49.16|125.43|-49.16
FL|125.43|-49.16|125.43|-8.69
F|3186765|<Solid fill>
FL|120.43|-5.15|123.86|-0.24
FA|123.86|-0.24|122.54|-6.81|4.62|1|0
FL|122.54|-6.81|124.17|-5.66
FA|124.17|-5.66|124.17|-2.65|2.62|1|1
FL|124.17|-2.65|122.43|-5.15
FL|122.43|-5.15|122.43|-49.16
FL|122.43|-49.16|120.43|-49.16
FL|120.43|-49.16|120.43|-5.15
F|3186765|<Solid fill>
FA|123.7|-4.16|128.94|-4.16|2.62|0|1
FA|128.94|-4.16|123.7|-4.16|2.62|0|1
F|3447277|<Solid fill>
FA|58.13|-91.96|56.13|-91.91|4.62|0|0
FL|56.13|-91.91|56.13|-132.43
FL|56.13|-132.43|58.13|-132.43
FL|58.13|-132.43|58.13|-91.96
F|3447277|<Solid fill>
FL|63.13|-88.41|59.7|-83.51
FA|59.7|-83.51|61.02|-90.07|4.62|1|1
FL|61.02|-90.07|59.39|-88.93
FA|59.39|-88.93|59.39|-85.92|2.62|1|0
FL|59.39|-85.92|61.13|-88.41
FL|61.13|-88.41|61.13|-132.43
FL|61.13|-132.43|63.13|-132.43
FL|63.13|-132.43|63.13|-88.41
F|3447277|<Solid fill>
FA|54.61|-87.42|59.86|-87.42|2.62|0|0
FA|59.86|-87.42|54.61|-87.42|2.62|0|0
F|3126480|<Solid fill>
FA|28.62|79.43|23.62|79.43|2.5|0|1
FL|23.62|79.43|23.62|59.43
FA|23.62|59.43|28.62|59.43|2.5|0|1
FL|28.62|59.43|28.62|79.43
F|3447277|<Solid fill>
FA|116.13|-114.81|111.13|-114.81|2.5|0|1
FL|111.13|-114.81|111.13|-134.81
FA|111.13|-134.81|116.13|-134.81|2.5|0|1
FL|116.13|-134.81|116.13|-114.81
F|3447277|17_DP_isolatie_harde persing_1:5
FA|111.13|-114.81|116.13|-114.81|2.5|0|0
FL|116.13|-114.81|116.13|-90.91
FA|116.13|-90.91|111.13|-90.91|2.5|0|1
FL|111.13|-90.91|111.13|-114.81
F|3186765|<Solid fill>
FA|67.43|-31.55|72.43|-31.55|2.5|0|0
FL|72.43|-31.55|72.43|-51.55
FA|72.43|-51.55|67.43|-51.55|2.5|0|0
FL|67.43|-51.55|67.43|-31.55
F|3186765|17_DP_isolatie_harde persing_1:5
FA|72.43|-31.55|67.43|-31.55|2.5|0|1
FL|67.43|-31.55|67.43|-7.65
FA|67.43|-7.65|72.43|-7.65|2.5|0|0
FL|72.43|-7.65|72.43|-31.55
F|3126459|17_DP_isolatie_harde persing_1:5
FL|21.05|35.0|36.59|35.0
FA|36.59|35.0|39.2|32.5|2.51|0|0
FA|39.2|32.5|36.59|30.0|2.51|0|0
FL|36.59|30.0|21.05|30.0
FA|21.05|30.0|18.44|32.5|2.51|0|0
FA|18.44|32.5|21.05|35.0|2.51|0|0
F|3126482|00_DP_aluminium
FL|-55.39|-75.5|-53.39|-75.5
FL|-53.39|-75.5|-53.09|-76.5
FL|-53.09|-76.5|-54.19|-76.5
FL|-54.19|-76.5|-54.19|-78.1
FL|-54.19|-78.1|-48.2|-78.1
FL|-48.2|-78.1|-48.2|-76.3
FL|-48.2|-76.3|-49.3|-76.3
FL|-49.3|-76.3|-49.3|-75.5
FL|-49.3|-75.5|-46.29|-75.5
FL|-46.29|-75.5|-46.29|-76.3
FL|-46.29|-76.3|-47.39|-76.3
FL|-47.39|-76.3|-47.39|-77.9
FL|-47.39|-77.9|-28.39|-77.9
FL|-28.39|-77.9|-28.39|-63.2
FL|-28.39|-63.2|-31.89|-63.2
FL|-31.89|-63.2|-31.89|-64.8
FL|-31.89|-64.8|-32.84|-64.8
FL|-32.84|-64.8|-32.84|-60.29
FL|-32.84|-60.29|-31.89|-60.29
FL|-31.89|-60.29|-31.89|-61.7
FL|-31.89|-61.7|-28.34|-61.7
FL|-28.34|-61.7|-28.34|-53.5
FL|-28.34|-53.5|-31.84|-53.5
FL|-31.84|-53.5|-31.84|-54.89
FL|-31.84|-54.89|-32.84|-54.89
FL|-32.84|-54.89|-32.84|-52.3
FL|-32.84|-52.3|-28.39|-52.3
FL|-28.39|-52.3|-28.39|-35.5
FL|-28.39|-35.5|-31.89|-35.5
FL|-31.89|-35.5|-31.89|-37.08
FL|-31.89|-37.08|-32.84|-37.08
FL|-32.84|-37.08|-32.84|-31.69
FL|-32.84|-31.69|-31.89|-31.69
FL|-31.89|-31.69|-31.89|-33.8
FL|-31.89|-33.8|-28.39|-33.8
FL|-28.39|-33.8|-28.39|-19.3
FL|-28.39|-19.3|-31.89|-19.3
FL|-31.89|-19.3|-31.89|-21.68
FL|-31.89|-21.68|-33.39|-21.68
FL|-33.39|-21.68|-33.39|-17.5
FL|-33.39|-17.5|-9.39|-17.5
FL|-9.39|-17.5|-9.39|-21.68
FL|-9.39|-21.68|-10.89|-21.68
FL|-10.89|-21.68|-10.89|-19.3
FL|-10.89|-19.3|-14.39|-19.3
FL|-14.39|-19.3|-14.39|-33.8
FL|-14.39|-33.8|-10.89|-33.8
FL|-10.89|-33.8|-10.89|-31.69
FL|-10.89|-31.69|-9.59|-31.69
FL|-9.59|-31.69|-9.59|-37.08
FL|-9.59|-37.08|-10.89|-37.08
FL|-10.89|-37.08|-10.89|-35.5
FL|-10.89|-35.5|-14.39|-35.5
FL|-14.39|-35.5|-14.39|-61.7
FL|-14.39|-61.7|-10.89|-61.7
FL|-10.89|-61.7|-10.89|-60.29
FL|-10.89|-60.29|-9.89|-60.29
FL|-9.89|-60.29|-9.89|-64.8
FL|-9.89|-64.8|-10.89|-64.8
FL|-10.89|-64.8|-10.89|-63.2
FL|-10.89|-63.2|-14.44|-63.2
FL|-14.44|-63.2|-14.44|-69.3
FL|-14.44|-69.3|6.52|-69.3
FL|6.52|-69.3|6.52|-70.1
FL|6.52|-70.1|5.42|-70.1
FL|5.42|-70.1|5.42|-71.9
FL|5.42|-71.9|11.41|-71.9
FL|11.41|-71.9|11.41|-70.3
FL|11.41|-70.3|10.31|-70.3
FL|10.31|-70.3|10.61|-69.3
FL|10.61|-69.3|12.61|-69.3
FL|12.61|-69.3|12.61|-79.5
FL|12.61|-79.5|-55.39|-79.5
FL|-55.39|-79.5|-55.39|-75.5
FL|-30.36|-31.2|-31.62|-33.3
FL|-31.62|-33.3|-30.52|-33.3
FL|-30.52|-33.3|-28.89|-31.22
FL|-28.89|-31.22|-28.89|-22.2
FL|-28.89|-22.2|-33.39|-22.2
FL|-33.39|-22.2|-34.18|-21.7
FL|-34.18|-21.7|-35.12|-19.59
FL|-35.12|-19.59|-35.12|-18.7
FL|-35.12|-18.7|-33.89|-18.7
FL|-33.89|-18.7|-33.89|-17.5
FL|-33.89|-17.5|-53.19|-17.5
FL|-53.19|-17.5|-53.19|-31.37
FL|-53.19|-31.37|-50.89|-31.37
FL|-50.89|-31.37|-50.89|-29.8
FL|-50.89|-29.8|-51.99|-29.8
FL|-51.99|-29.8|-51.99|-27.45
FL|-51.99|-27.45|-30.36|-27.45
FL|-30.36|-27.45|-30.36|-31.2
F|3126482|<Solid fill>
FA|-4.39|-40.9|-9.39|-40.9|2.5|0|1
FL|-9.39|-40.9|-9.39|-60.9
FA|-9.39|-60.9|-4.39|-60.9|2.5|0|1
FL|-4.39|-60.9|-4.39|-40.9
F|3126482|17_DP_isolatie_harde persing_1:5
FA|-9.39|-40.9|-4.39|-40.9|2.5|0|0
FL|-4.39|-40.9|-4.39|-17.0
FA|-4.39|-17.0|-9.39|-17.0|2.5|0|1
FL|-9.39|-17.0|-9.39|-40.9
F|3126482|<Solid fill>
FL|-9.39|-14.5|-9.39|-17.5
FL|-9.39|-17.5|-20.39|-17.5
FA|-20.39|-17.5|-16.52|-14.5|4.0|0|1
FL|-16.52|-14.5|-9.39|-14.5
F|3138943|solid
FL|33.89|-48.02|33.89|-53.02
FL|33.89|-53.02|-4.11|-53.02
FL|-4.11|-53.02|-4.11|-48.02
FL|-4.11|-48.02|33.89|-48.02
F|3138943|<Solid fill>
FA|38.89|-2.62|33.89|-2.62|2.5|0|0
FL|33.89|-2.62|33.89|17.38
FA|33.89|17.38|38.89|17.38|2.5|0|0
FL|38.89|17.38|38.89|-2.62
F|3138943|17_DP_isolatie_harde persing_1:5
FA|33.89|-2.62|38.89|-2.62|2.5|0|1
FL|38.89|-2.62|38.89|-26.52
FA|38.89|-26.52|33.89|-26.52|2.5|0|0
FL|33.89|-26.52|33.89|-2.62
F|3138943|17_DP_isolatie_harde persing_1:5
FL|6.94|-53.02|22.48|-53.02
FA|22.48|-53.02|25.1|-50.52|2.51|0|1
FA|25.1|-50.52|22.48|-48.02|2.51|0|1
FL|22.48|-48.02|6.94|-48.02
FA|6.94|-48.02|4.33|-50.52|2.51|0|1
FA|4.33|-50.52|6.94|-53.02|2.51|0|1
F|4234146|02_DP_keramiek_1:50
FA|171.76|-441.43|168.76|-444.43|3.0|0|1
FL|168.76|-444.43|168.76|-450.05
FA|168.76|-450.05|169.32|-454.75|20.0|0|1
FL|169.32|-454.75|171.58|-464.14
FA|171.58|-464.14|174.5|-466.43|3.0|0|1
FL|174.5|-466.43|177.15|-466.43
FA|177.15|-466.43|180.07|-464.14|3.0|0|1
FL|180.07|-464.14|182.34|-454.73
FA|182.34|-454.73|185.26|-452.43|3.0|0|0
FL|185.26|-452.43|191.39|-452.43
FA|191.39|-452.43|194.31|-454.73|3.0|0|0
FL|194.31|-454.73|196.58|-464.14
FA|196.58|-464.14|199.5|-466.43|3.0|0|1
FL|199.5|-466.43|202.51|-466.43
FA|202.51|-466.43|204.84|-465.32|3.0|0|1
FL|204.84|-465.32|207.18|-462.43
FA|207.18|-462.43|353.38|-464.71|95.0|0|0
FA|353.38|-464.71|435.8|-460.24|51.94|0|1
FL|435.8|-460.24|435.8|-449.97
FL|435.8|-449.97|426.68|-449.97
FA|426.68|-449.97|423.95|-451.72|3.0|0|1
FA|423.95|-451.72|401.9|-469.98|33.62|0|0
FA|401.9|-469.98|398.38|-467.69|2.96|0|0
FL|398.38|-467.69|396.07|-458.27
FA|396.07|-458.27|393.15|-455.97|3.0|0|1
FL|393.15|-455.97|390.36|-455.97
FA|390.36|-455.97|387.36|-458.97|3.0|0|1
FL|387.36|-458.97|385.1|-467.99
FA|385.1|-467.99|381.48|-470.2|3.0|0|0
FA|381.48|-470.2|371.93|-466.2|29.44|0|0
FL|371.93|-466.2|370.7|-465.36
FA|370.7|-465.36|361.87|-457.51|38.81|0|0
FL|361.87|-457.51|359.76|-454.96
FA|359.76|-454.96|346.46|-442.12|82.63|0|1
FL|346.46|-442.12|340.46|-437.51
FA|340.46|-437.51|326.57|-429.26|67.62|0|1
FL|326.57|-429.26|321.38|-426.97
FA|321.38|-426.97|318.54|-423.57|5.0|0|0
FL|318.54|-423.57|317.0|-417.2
FA|317.0|-417.2|314.09|-414.91|3.0|0|1
FL|314.09|-414.91|308.81|-414.91
FA|308.81|-414.91|305.9|-417.2|3.0|0|1
FL|305.9|-417.2|305.59|-418.46
FA|305.59|-418.46|301.97|-420.67|3.0|0|0
FA|301.97|-420.67|277.37|-418.24|106.06|0|1
FA|277.37|-418.24|252.92|-421.57|106.0|0|1
FA|252.92|-421.57|249.32|-419.44|2.92|0|0
FL|249.32|-419.44|248.78|-417.2
FA|248.78|-417.2|245.87|-414.91|3.0|0|1
FL|245.87|-414.91|240.59|-414.91
FA|240.59|-414.91|237.68|-417.2|3.0|0|1
FL|237.68|-417.2|235.64|-425.63
FA|235.64|-425.63|232.99|-428.94|5.0|0|0
FL|232.99|-428.94|231.45|-429.7
FL|231.45|-429.7|227.97|-431.51
FL|227.97|-431.51|224.33|-433.62
FL|224.33|-433.62|220.37|-436.16
FL|220.37|-436.16|217.11|-438.48
FL|217.11|-438.48|215.8|-439.45
FA|215.8|-439.45|209.83|-441.43|10.0|0|0
FL|209.83|-441.43|171.76|-441.43
F|3186719|17_DP_isolatie_harde persing_1:5
FL|54.15|-108.81|59.15|-108.81
FL|59.15|-108.81|59.15|-50.04
FL|59.15|-50.04|54.15|-50.92
FL|54.15|-50.92|54.15|-108.81
F|3186711|<Solid fill>
FL|76.27|50.8|76.27|60.8
FL|76.27|60.8|87.27|60.8
FA|87.27|60.8|87.27|50.8|7.51|0|1
FL|87.27|50.8|76.27|50.8
F|3186711|17_DP_isolatie_harde persing_1:5
FA|-27.73|50.8|-27.73|60.8|5.0|0|0
FL|-27.73|60.8|76.27|60.8
FL|76.27|60.8|76.27|50.8
FL|76.27|50.8|-27.73|50.8
F|3186873|00_DP_plaatmateriaal_multiplex
FL|231.71|-20.56|231.71|-16.56
FL|231.71|-16.56|28.7|-16.56
FL|28.7|-16.56|28.7|-28.56
FL|28.7|-28.56|223.71|-28.56
FA|223.71|-28.56|231.71|-20.56|8.0|0|1
F|3186873|<Solid fill>
FA|26.2|-16.56|26.2|-21.56|2.5|0|0
FL|26.2|-21.56|6.2|-21.56
FA|6.2|-21.56|6.2|-16.56|2.5|0|0
FL|6.2|-16.56|26.2|-16.56
F|3186873|<Solid fill>
FL|28.7|-21.43|25.7|-21.43
FL|25.7|-21.43|25.7|-32.43
FA|25.7|-32.43|28.7|-28.56|4.0|0|0
FL|28.7|-28.56|28.7|-21.43
F|3186873|17_DP_isolatie_harde persing_1:5
FA|120.02|21.44|120.02|26.44|2.5|0|0
FL|120.02|26.44|207.71|26.44
FL|207.71|26.44|207.71|21.44
FL|207.71|21.44|120.02|21.44
F|3186718|<Solid fill>
FA|60.0|91.47|55.0|91.47|2.5|0|1
FL|55.0|91.47|55.0|71.47
FA|55.0|71.47|60.0|71.47|2.5|1|1
FL|60.0|71.47|60.0|91.47
F|3186885|00_DP_stuc
FL|4.71|18.44|-15.29|18.44
FL|-15.29|18.44|-15.29|-81.56
FL|-15.29|-81.56|4.71|-81.56
FL|4.71|-81.56|4.71|18.44
F|3186759|13_DP_loofhout_1:5
FL|3.89|-104.35|-6.11|-104.35
FL|-6.11|-104.35|-6.11|-94.35
FL|-6.11|-94.35|-11.11|-94.35
FL|-11.11|-94.35|-11.11|-74.35
FL|-11.11|-74.35|-16.11|-74.35
FL|-16.11|-74.35|-16.11|-3.89
FL|-16.11|-3.89|3.89|-2.14
FL|3.89|-2.14|3.89|-104.35
F|3186885|17_DP_isolatie_harde persing_1:5
FA|18.71|18.44|18.71|23.44|2.5|0|0
FL|18.71|23.44|82.61|23.44
FL|82.61|23.44|82.61|18.44
FL|82.61|18.44|18.71|18.44
F|3186792|17_DP_isolatie_harde persing_1:5
FL|-62.76|-94.03|3.69|-5.77
FL|3.69|-5.77|120.98|-94.03
FL|120.98|-94.03|-62.76|-94.03
F|3291649|solid
FL|755.74|633.49|20.02|79.09
FL|20.02|79.09|26.64|70.31
FL|26.64|70.31|762.36|624.71
FL|762.36|624.71|755.74|633.49
F|4234146|02_DP_keramiek_1:5
FL|233.56|-84.05|232.32|-81.27
FL|232.32|-81.27|238.95|-76.79
FL|238.95|-76.79|248.13|-86.29
FL|248.13|-86.29|259.25|-78.79
FL|259.25|-78.79|253.88|-66.73
FL|253.88|-66.73|260.51|-62.25
FL|260.51|-62.25|276.73|-86.3
FL|276.73|-86.3|248.98|-105.01
FL|248.98|-105.01|237.69|-93.32
FL|237.69|-93.32|66.93|-208.51
FL|66.93|-208.51|61.34|-200.22
FL|61.34|-200.22|233.56|-84.05
F|3291649|16_DP_houtachtig_plaatmateriaal_1:5
FL|796.01|340.79|141.68|-152.28
FL|141.68|-152.28|134.46|-142.7
FL|134.46|-142.7|796.01|355.82
FL|796.01|355.82|796.01|340.79
F|3291649|00_DP_stuc
FL|796.01|322.63|150.41|-163.86
FL|150.41|-163.86|147.4|-159.87
FL|147.4|-159.87|796.01|328.89
FL|796.01|328.89|796.01|322.63
F|3291649|00_DP_gips_hor
FL|796.01|328.89|147.4|-159.87
FL|147.4|-159.87|141.68|-152.28
FL|141.68|-152.28|796.01|340.79
FL|796.01|340.79|796.01|328.89
F|3291649|02_DP_keramiek_1:5
FL|713.43|662.34|712.23|665.15
FL|712.23|665.15|718.92|669.53
FL|718.92|669.53|727.97|659.91
FL|727.97|659.91|739.19|667.27
FL|739.19|667.27|733.98|679.4
FL|733.98|679.4|740.67|683.78
FL|740.67|683.78|756.57|659.53
FL|756.57|659.53|728.57|641.18
FL|728.57|641.18|717.44|653.02
FL|717.44|653.02|391.41|439.32
FL|391.41|439.32|400.18|425.94
FL|400.18|425.94|393.48|421.56
FL|393.48|421.56|382.36|433.39
FL|382.36|433.39|370.79|425.81
FL|370.79|425.81|371.84|407.37
FL|371.84|407.37|363.47|401.89
FL|363.47|401.89|360.19|406.9
FA|360.19|406.9|365.95|434.59|20.0|0|0
FL|365.95|434.59|713.43|662.34
F|3218175|17_DP_isolatie_harde persing_1:5
FL|150.71|-17.6|150.71|-27.6
FL|150.71|-27.6|4.71|-27.6
FL|4.71|-27.6|4.71|-17.6
FL|4.71|-17.6|150.71|-17.6
F|3218161|17_DP_isolatie_harde persing_1:5
FL|157.88|36.78|175.88|36.78
FL|175.88|36.78|175.88|-313.22
FL|175.88|-313.22|157.88|-313.22
FL|157.88|-313.22|157.88|36.78
F|3291649|12_DP_naaldhout_1:20
FL|758.01|327.18|796.01|355.82
FL|796.01|355.82|796.01|376.43
FL|796.01|376.43|758.01|376.43
FL|758.01|376.43|758.01|327.18
F|3291649|12_DP_naaldhout_1:20
FL|834.01|327.18|796.01|355.82
FL|796.01|355.82|796.01|376.43
FL|796.01|376.43|834.01|376.43
FL|834.01|376.43|834.01|327.18
F|3291649|02_DP_keramiek_1:5
FL|401.96|427.64|400.76|430.44
FL|400.76|430.44|407.45|434.82
FL|407.45|434.82|416.5|425.21
FL|416.5|425.21|427.72|432.56
FL|427.72|432.56|422.51|444.69
FL|422.51|444.69|429.2|449.08
FL|429.2|449.08|445.1|424.82
FL|445.1|424.82|417.11|406.47
FL|417.11|406.47|405.98|418.31
FL|405.98|418.31|79.94|204.61
FL|79.94|204.61|88.71|191.23
FL|88.71|191.23|82.02|186.85
FL|82.02|186.85|70.89|198.69
FL|70.89|198.69|59.33|191.11
FL|59.33|191.11|60.37|172.66
FL|60.37|172.66|52.01|167.18
FL|52.01|167.18|48.72|172.19
FA|48.72|172.19|54.48|199.88|20.0|0|0
FL|54.48|199.88|401.96|427.64
F|3138879|00_DP_stuc
FL|144.21|-27.1|58.88|-27.1
FL|58.88|-27.1|58.88|-32.1
FL|58.88|-32.1|149.21|-32.1
FL|149.21|-32.1|149.21|25.9
FL|149.21|25.9|144.21|25.9
FL|144.21|25.9|144.21|-27.1
F|3186763|13_DP_loofhout_1:5
FL|0.0|7.53|30.0|12.82
FL|30.0|12.82|30.0|-32.18
FL|30.0|-32.18|0.0|-32.18
FL|0.0|-32.18|0.0|7.53
F|3138879|<Solid fill>
FA|-4.64|-36.6|-4.64|-38.6|1.0|0|1
FA|-4.64|-38.6|-4.64|-36.6|1.0|0|1
F|3138879|<Solid fill>
FA|1.69|-36.6|1.69|-38.6|1.0|0|1
FA|1.69|-38.6|1.69|-36.6|1.0|0|1
F|3138879|00_DP_gips_hor
FL|58.88|-27.1|144.21|-27.1
FL|144.21|-27.1|144.21|-17.6
FL|144.21|-17.6|58.88|-17.6
FL|58.88|-17.6|58.88|-27.1
F|3218163|12_DP_naaldhout_1:5
FL|212.7|-212.55|178.29|-212.55
FL|178.29|-212.55|178.29|-195.55
FL|178.29|-195.55|176.5|-195.55
FL|176.5|-195.55|176.5|-221.54
FL|176.5|-221.54|178.3|-221.54
FL|178.3|-221.54|178.3|-218.85
FL|178.3|-218.85|190.42|-218.85
FL|190.42|-218.85|190.42|-221.55
FL|190.42|-221.55|193.86|-221.55
FL|193.86|-221.55|193.86|-220.55
FL|193.86|-220.55|191.42|-220.55
FL|191.42|-220.55|191.42|-214.55
FL|191.42|-214.55|192.92|-214.55
FL|192.92|-214.55|192.92|-216.04
FL|192.92|-216.04|193.86|-216.04
FL|193.86|-216.04|193.86|-214.55
FL|193.86|-214.55|212.7|-214.55
FL|212.7|-214.55|212.7|-212.55
F|3138879|13_DP_loofhout_1:5
FL|37.4|-85.32|37.4|-81.6
FL|37.4|-81.6|33.4|-81.6
FL|33.4|-81.6|33.4|-67.6
FL|33.4|-67.6|52.4|-67.6
FA|52.4|-67.6|55.4|-70.6|3.0|0|0
FL|55.4|-70.6|55.4|-79.66
FA|55.4|-79.66|53.17|-82.56|3.0|0|0
FL|53.17|-82.56|37.4|-85.32
F|3138879|13_DP_loofhout_1:5
FL|55.71|-67.6|-2.79|-67.6
FL|-2.79|-67.6|-2.79|-84.6
FL|-2.79|-84.6|-38.29|-84.6
FL|-38.29|-84.6|-38.29|-79.6
FL|-38.29|-79.6|-43.29|-79.6
FL|-43.29|-79.6|-48.29|-84.6
FL|-48.29|-84.6|-58.29|-84.6
FL|-58.29|-84.6|-58.29|-30.84
FL|-58.29|-30.84|-25.29|-25.02
FL|-25.29|-25.02|-25.29|-37.6
FL|-25.29|-37.6|4.71|-37.6
FL|4.71|-37.6|4.71|-17.6
FL|4.71|-17.6|55.71|-17.6
FL|55.71|-17.6|55.71|-67.6
F|3138879|<Solid fill>
FA|3.71|-26.02|5.71|-26.02|1.0|0|1
FA|5.71|-26.02|3.71|-26.02|1.0|0|1
F|3138879|<Solid fill>
FA|3.71|-32.34|5.71|-32.34|1.0|0|1
FA|5.71|-32.34|3.71|-32.34|1.0|0|1
F|3138879|<Solid fill>
FA|3.71|-19.7|5.71|-19.7|1.0|0|1
FA|5.71|-19.7|3.71|-19.7|1.0|0|1
F|3138835|16_DP_houtachtig_plaatmateriaal_1:5
FL|171.34|-61.12|180.34|-61.12
FL|180.34|-61.12|180.34|347.88
FL|180.34|347.88|171.34|347.88
FL|171.34|347.88|171.34|-61.12
F|3236124|12_DP_naaldhout_1:5
FL|-4.1|1.77|10.9|1.77
FL|10.9|1.77|35.9|-2.64
FL|35.9|-2.64|35.9|-18.23
FL|35.9|-18.23|-4.1|-18.23
FL|-4.1|-18.23|-4.1|1.77
F|3138835|17_DP_isolatie_harde persing_1:5
FL|50.34|309.88|170.34|309.88
FL|170.34|309.88|170.34|-66.25
FL|170.34|-66.25|50.34|-66.25
FL|50.34|-66.25|50.34|309.88
F|3236130|<Solid fill>
FA|60.41|-73.71|58.41|-73.71|1.0|0|0
FA|58.41|-73.71|60.41|-73.71|1.0|0|0
F|3236130|<Solid fill>
FA|54.09|-73.71|52.09|-73.71|1.0|0|0
FA|52.09|-73.71|54.09|-73.71|1.0|0|0
F|3236132|<Solid fill>
FA|73.41|-85.71|71.41|-85.71|1.0|0|0
FA|71.41|-85.71|73.41|-85.71|1.0|0|0
F|3236132|<Solid fill>
FA|67.09|-85.71|65.09|-85.71|1.0|0|0
FA|65.09|-85.71|67.09|-85.71|1.0|0|0
F|3186765|16_DP_houtachtig_plaatmateriaal_1:5
FL|28.69|20.07|28.69|38.07
FL|28.69|38.07|199.71|38.07
FL|199.71|38.07|199.71|20.07
FL|199.71|20.07|28.69|20.07
F|3892982|12_DP_naaldhout_1:5
FL|32.13|18.37|29.01|36.1
FL|29.01|36.1|-107.87|11.96
FL|-107.87|11.96|-104.74|-5.76
FL|-104.74|-5.76|32.13|18.37
F|4082182|00_DP_gips_hor
FL|165.71|-33.57|165.71|-21.07
FL|165.71|-21.07|79.95|-21.07
FL|79.95|-21.07|79.95|-33.57
FL|79.95|-33.57|165.71|-33.57
F|4082182|<Solid fill>
FL|3.71|-10.55|3.71|-25.55
FL|3.71|-25.55|1.21|-25.55
FL|1.21|-25.55|1.21|-10.55
FL|1.21|-10.55|3.71|-10.55
F|3429623|solid
FL|14.0|-136.0|14.0|-138.0
FL|14.0|-138.0|-15.0|-138.0
FL|-15.0|-138.0|-15.0|-136.0
FL|-15.0|-136.0|14.0|-136.0
F|3291649|16_DP_houtachtig_plaatmateriaal_1:5
FL|341.79|553.31|341.79|-188.69
FL|341.79|-188.69|350.79|-188.69
FL|350.79|-188.69|350.79|553.31
FL|350.79|553.31|341.79|553.31
F|3291649|00_DP_plaatmateriaal_multiplex
FL|329.79|589.31|329.79|-187.69
FL|329.79|-187.69|341.79|-187.69
FL|341.79|-187.69|341.79|589.31
FL|341.79|589.31|329.79|589.31
F|4234146|solid
FL|376.26|-337.36|376.26|414.98
FL|376.26|414.98|358.26|414.98
FL|358.26|414.98|358.26|-337.36
FL|358.26|-337.36|376.26|-337.36
F|3138879|00_DP_plaatmateriaal_multiplex
FL|-27.03|-6.83|169.97|-6.83
FL|169.97|-6.83|169.97|-18.83
FL|169.97|-18.83|-27.03|-18.83
FL|-27.03|-18.83|-27.03|-6.83
F|4234146|12_DP_naaldhout_1:5
FL|376.26|351.76|376.26|305.64
FL|376.26|305.64|398.26|305.64
FL|398.26|305.64|398.26|355.64
FL|398.26|355.64|376.26|351.76
F|3291649|16_DP_houtachtig_plaatmateriaal_1:5
FL|350.79|-211.69|534.79|-211.69
FL|534.79|-211.69|534.79|-193.69
FL|534.79|-193.69|350.79|-193.69
FL|350.79|-193.69|350.79|-211.69
F|3291649|13_DP_loofhout_1:5
FL|329.79|-117.69|322.52|-117.69
FL|322.52|-117.69|319.79|-120.42
FL|319.79|-120.42|319.79|-187.69
FL|319.79|-187.69|329.79|-187.69
FL|329.79|-187.69|329.79|-117.69
F|3138879|<Solid fill>
FL|-34.53|-2.83|-48.44|-17.24
FL|-48.44|-17.24|-47.03|-18.66
FL|-47.03|-18.66|-33.68|-4.83
FL|-33.68|-4.83|189.97|-4.83
FA|189.97|-4.83|179.56|-13.94|10.5|1|0
FL|179.56|-13.94|190.93|-18.3
FL|190.93|-18.3|191.64|-16.43
FL|191.64|-16.43|178.15|-11.26
FA|178.15|-11.26|189.97|-2.83|12.5|1|1
FL|189.97|-2.83|-34.53|-2.83
F|4234146|16_DP_houtachtig_plaatmateriaal_1:5_90
FL|372.03|-146.06|938.78|420.68
FL|938.78|420.68|931.0|428.46
FL|931.0|428.46|364.26|-138.28
FL|364.26|-138.28|372.03|-146.06
F|3291649|00_DP_zandcement
FL|0.28|190.8|1040.28|190.8
FL|1040.28|190.8|1040.28|120.8
FL|1040.28|120.8|0.28|120.8
FL|0.28|120.8|0.28|190.8
F|4234146|16_DP_houtachtig_plaatmateriaal_1:5_90
FL|-169.24|-772.18|-143.78|-772.18
FL|-143.78|-772.18|324.66|-303.74
FL|324.66|-303.74|311.93|-291.02
FL|311.93|-291.02|-169.24|-772.18
F|4234146|16_DP_houtachtig_plaatmateriaal_1:5_90
FL|414.46|-188.49|427.19|-201.21
FL|427.19|-201.21|932.77|304.37
FL|932.77|304.37|920.04|317.1
FL|920.04|317.1|414.46|-188.49
F|3565235|12_DP_naaldhout_1: 90
FL|31.87|99.72|14.89|116.69
FL|14.89|116.69|48.84|150.63
FL|48.84|150.63|65.81|133.66
FL|65.81|133.66|31.87|99.72
F|4234146|02_DP_keramiek_1:5
FL|-197.56|-206.43|-205.74|-197.65
FL|-205.74|-197.65|45.11|36.27
FL|45.11|36.27|53.29|27.5
FL|53.29|27.5|51.83|26.13
FL|51.83|26.13|53.58|15.46
FL|53.58|15.46|45.54|7.96
FL|45.54|7.96|48.21|3.62
FL|48.21|3.62|42.36|-1.84
FL|42.36|-1.84|30.62|6.36
FL|30.62|6.36|-197.56|-206.43
F|4234146|12_DP_naaldhout_1: 90
FL|15.11|-46.01|-1.86|-29.04
FL|-1.86|-29.04|32.08|4.9
FL|32.08|4.9|49.05|-12.07
FL|49.05|-12.07|15.11|-46.01
F|3565235|12_DP_naaldhout_1:5
FL|15.84|-98.35|140.84|-98.35
FL|140.84|-98.35|140.84|-17.5
FL|140.84|-17.5|47.94|75.4
FL|47.94|75.4|15.84|43.3
FL|15.84|43.3|15.84|-98.35
F|4234146|02_DP_keramiek_1:5
FL|108.42|87.42|100.23|96.19
FL|100.23|96.19|243.5|229.79
FL|243.5|229.79|251.68|221.01
FL|251.68|221.01|250.22|219.65
FL|250.22|219.65|251.97|208.97
FL|251.97|208.97|243.92|201.47
FL|243.92|201.47|246.6|197.13
FL|246.6|197.13|240.75|191.68
FL|240.75|191.68|229.01|199.87
FL|229.01|199.87|108.42|87.42
F|4234146|12_DP_naaldhout_1: 90
FL|212.56|148.44|195.59|165.41
FL|195.59|165.41|229.53|199.35
FL|229.53|199.35|246.51|182.38
FL|246.51|182.38|212.56|148.44
F|3892982|13_DP_loofhout_1:5
FL|87.13|16.31|87.13|80.3
FA|87.13|80.3|84.12|83.31|3.01|0|1
FL|84.12|83.31|25.13|83.31
FA|25.13|83.31|24.13|82.31|1.0|0|1
FL|24.13|82.31|24.13|66.31
FL|24.13|66.31|-23.87|66.31
FA|-23.87|66.31|-26.87|63.31|3.0|0|1
FL|-26.87|63.31|-26.87|16.31
FL|-26.87|16.31|87.13|16.31
F|3138879|12_DP_naaldhout_1:5
FL|112.32|18.17|112.32|63.17
FL|112.32|63.17|132.32|63.17
FL|132.32|63.17|132.32|18.17
FL|132.32|18.17|112.32|18.17
F|3291615|<Solid fill>
FL|256.33|-261.5|260.33|-261.5
FL|260.33|-261.5|260.33|-251.26
FL|260.33|-251.26|256.33|-251.26
FL|256.33|-251.26|256.33|-261.5
F|3291615|<Solid fill>
FL|256.33|238.23|260.33|238.23
FL|260.33|238.23|260.33|227.99
FL|260.33|227.99|256.33|227.99
FL|256.33|227.99|256.33|238.23
F|3186835|12_DP_naaldhout_1:5
FL|79.76|-108.19|-6.38|-22.05
FL|-6.38|-22.05|-92.53|-108.19
FL|-92.53|-108.19|79.76|-108.19
F|3291649|00_DP_beton_prefab
FL|0.28|100.8|959.69|100.8
FL|959.69|100.8|959.69|-89.2
FL|959.69|-89.2|1009.69|-89.2
FL|1009.69|-89.2|1019.69|-79.2
FL|1019.69|-79.2|1019.69|150.8
FL|1019.69|150.8|1009.69|160.8
FL|1009.69|160.8|0.28|160.8
FL|0.28|160.8|0.28|100.8
F|3344905|<Solid fill>
FL|150.0|32.0|145.0|32.0
FL|145.0|32.0|145.0|52.0
FL|145.0|52.0|150.0|52.0
FL|150.0|52.0|150.0|32.0
F|3344905|<Solid fill>
FA|145.0|62.0|150.0|62.0|5.01|0|1
FL|150.0|62.0|150.0|52.0
FL|150.0|52.0|145.0|52.0
FL|145.0|52.0|145.0|62.0
F|3344903|<Solid fill>
FL|22.0|32.0|17.0|32.0
FL|17.0|32.0|17.0|52.0
FL|17.0|52.0|22.0|52.0
FL|22.0|52.0|22.0|32.0
F|3344903|<Solid fill>
FA|17.0|62.0|22.0|62.0|5.01|0|1
FL|22.0|62.0|22.0|52.0
FL|22.0|52.0|17.0|52.0
FL|17.0|52.0|17.0|62.0
F|4262126|<Solid fill>
FL|71.42|59.98|78.42|59.98
FL|78.42|59.98|78.42|39.98
FL|78.42|39.98|71.42|39.98
FL|71.42|39.98|71.42|59.98
F|4262126|<Solid fill>
FA|-26.58|65.98|-25.58|66.98|1.0|0|0
FL|-25.58|66.98|-14.59|66.98
FA|-14.59|66.98|-11.58|69.99|3.01|0|1
FL|-11.58|69.99|-11.58|86.48
FA|-11.58|86.48|-10.58|86.48|0.5|1|0
FL|-10.58|86.48|-10.58|72.34
FL|-10.58|72.34|-8.58|72.34
FL|-8.58|72.34|-8.58|86.48
FA|-8.58|86.48|-13.58|86.48|2.5|0|1
FL|-13.58|86.48|-13.58|69.99
FA|-13.58|69.99|-14.59|68.98|1.01|0|0
FL|-14.59|68.98|-25.6|68.98
FA|-25.6|68.98|-28.58|66.0|2.97|0|1
FL|-28.58|66.0|-28.58|1.95
FA|-28.58|1.95|-25.6|-1.02|2.97|0|1
FL|-25.6|-1.02|21.42|-1.02
FL|21.42|-1.02|21.42|0.98
FL|21.42|0.98|-25.58|0.98
FA|-25.58|0.98|-26.58|1.98|1.0|0|0
FL|-26.58|1.98|-26.58|65.98
F|3344927|<Solid fill>
FL|4275.9|19002.5|4275.9|18997.5
FL|4275.9|18997.5|4255.9|18997.5
FL|4255.9|18997.5|4255.9|19002.5
FL|4255.9|19002.5|4275.9|19002.5
F|3344949|<Solid fill>
FA|-36.25|-18.0|-35.25|-17.0|1.0|0|1
FL|-35.25|-17.0|-35.25|-6.01
FA|-35.25|-6.01|-32.24|-3.0|3.01|0|0
FL|-32.24|-3.0|-15.75|-3.0
FA|-15.75|-3.0|-15.75|-2.0|0.5|0|1
FL|-15.75|-2.0|-29.9|-2.0
FL|-29.9|-2.0|-29.9|0.0
FL|-29.9|0.0|-15.75|0.0
FA|-15.75|0.0|-15.75|-5.0|2.5|0|0
FL|-15.75|-5.0|-32.24|-5.0
FA|-32.24|-5.0|-33.25|-6.01|1.01|0|1
FL|-33.25|-6.01|-33.25|-17.03
FA|-33.25|-17.03|-36.23|-20.0|2.97|0|0
FL|-36.23|-20.0|-180.28|-20.0
FA|-180.28|-20.0|-183.25|-17.03|2.97|0|0
FL|-183.25|-17.03|-183.25|127.03
FA|-183.25|127.03|-180.28|130.0|2.97|0|0
FL|-180.28|130.0|-169.26|130.0
FA|-169.26|130.0|-168.25|131.01|1.01|0|1
FL|-168.25|131.01|-168.25|147.5
FA|-168.25|147.5|-163.25|147.5|2.5|1|0
FL|-163.25|147.5|-163.25|133.36
FL|-163.25|133.36|-165.25|133.36
FL|-165.25|133.36|-165.25|147.5
FA|-165.25|147.5|-166.25|147.5|0.5|1|1
FL|-166.25|147.5|-166.25|131.01
FA|-166.25|131.01|-169.26|128.0|3.01|0|0
FL|-169.26|128.0|-180.26|128.0
FA|-180.26|128.0|-181.25|127.0|1.0|0|1
FL|-181.25|127.0|-181.25|-17.0
FA|-181.25|-17.0|-180.26|-18.0|1.0|0|1
FL|-180.26|-18.0|-36.25|-18.0
F|3344949|solid
FL|-516.31|91.0|-516.31|-0.5
FL|-516.31|-0.5|-163.25|-0.5
FL|-163.25|-0.5|-163.25|91.0
FL|-163.25|91.0|-516.31|91.0
F|3344949|<Solid fill>
FL|-82.25|145.3|-75.25|145.3
FL|-75.25|145.3|-75.25|125.3
FL|-75.25|125.3|-82.25|125.3
FL|-82.25|125.3|-82.25|145.3
F|3344949|<Solid fill>
FL|-75.25|88.0|-15.25|88.0
FL|-15.25|88.0|-15.25|91.0
FL|-15.25|91.0|-72.25|91.0
FL|-72.25|91.0|-72.25|148.0
FL|-72.25|148.0|-75.25|148.0
FL|-75.25|148.0|-75.25|88.0
F|3344972|<Solid fill>
FL|40.99|-32.0|45.99|-32.0
FL|45.99|-32.0|45.99|-12.0
FL|45.99|-12.0|40.99|-12.0
FL|40.99|-12.0|40.99|-32.0
F|3344977|<Solid fill>
FL|-147.76|149.55|-147.76|109.55
FL|-147.76|109.55|-145.76|109.55
FL|-145.76|109.55|-145.76|147.55
FL|-145.76|147.55|-107.76|147.55
FL|-107.76|147.55|-107.76|149.55
FL|-107.76|149.55|-147.76|149.55
F|3345011|<Solid fill>
FL|-65.5|68.5|-70.5|68.5
FL|-70.5|68.5|-70.5|63.5
FA|-70.5|63.5|-65.5|68.5|5.0|0|0
F|3532356|<Solid fill>
FL|-74.46|-50.54|-69.46|-50.54
FL|-69.46|-50.54|-69.46|-30.54
FL|-69.46|-30.54|-74.46|-30.54
FL|-74.46|-30.54|-74.46|-50.54
F|3532356|<Solid fill>
FL|-74.46|29.46|-69.46|29.46
FL|-69.46|29.46|-69.46|49.46
FL|-69.46|49.46|-74.46|49.46
FL|-74.46|49.46|-74.46|29.46
F|3345023|<Solid fill>
FA|66.21|0.0|61.21|0.0|5.01|0|0
FL|61.21|0.0|61.21|-5.0
FL|61.21|-5.0|66.21|-5.0
FL|66.21|-5.0|66.21|0.0
F|3345023|<Solid fill>
FL|56.54|-10.99|56.54|-7.82
FA|56.54|-7.82|60.04|-4.32|3.5|0|0
FL|60.04|-4.32|62.74|-4.32
FA|62.74|-4.32|66.24|-7.82|3.5|0|0
FL|66.24|-7.82|66.24|-10.99
FA|66.24|-10.99|62.74|-14.49|3.5|0|0
FL|62.74|-14.49|60.04|-14.49
FA|60.04|-14.49|56.54|-10.99|3.5|0|0
F|3345023|<Solid fill>
FL|61.21|-45.1|66.21|-45.1
FL|66.21|-45.1|66.21|-25.1
FL|66.21|-25.1|61.21|-25.1
FL|61.21|-25.1|61.21|-45.1
F|3345179|<Solid fill>
FA|32.74|-0.1|54.0|-0.1|41.08|0|1
FL|54.0|-0.1|47.01|26.0
FL|47.01|26.0|39.73|26.0
FL|39.73|26.0|32.74|-0.1
FA|35.2|1.36|51.54|1.36|39.08|0|1
FL|51.54|1.36|45.48|24.0
FL|45.48|24.0|41.27|24.0
FL|41.27|24.0|35.2|1.36
F|3532965|<Solid fill>
FL|0.0|50.0|-7.0|50.0
FL|-7.0|50.0|-7.0|70.0
FL|-7.0|70.0|0.0|70.0
FL|0.0|70.0|0.0|50.0
F|3345137|<Solid fill>
FL|20.26|-11.03|19.26|-9.3
FL|19.26|-9.3|15.08|-11.72
FA|15.08|-11.72|13.6|-10.83|1.0|0|0
FL|13.6|-10.83|13.6|16.67
FA|13.6|16.67|14.34|17.63|1.0|0|0
FL|14.34|17.63|36.46|23.56
FA|36.46|23.56|38.6|26.43|3.0|0|1
FL|38.6|26.43|38.6|66.47
FA|38.6|66.47|39.6|66.47|0.5|0|0
FL|39.6|66.47|39.6|52.33
FL|39.6|52.33|41.6|52.33
FL|41.6|52.33|41.6|66.47
FA|41.6|66.47|36.6|66.47|2.5|0|1
FL|36.6|66.47|36.6|26.43
FA|36.6|26.43|35.91|25.48|1.0|0|0
FL|35.91|25.48|13.81|19.56
FA|13.81|19.56|11.6|16.67|3.0|0|1
FL|11.6|16.67|11.6|-10.83
FA|11.6|-10.83|16.06|-13.46|3.0|0|1
FL|16.06|-13.46|20.26|-11.03
F|3345150|<Solid fill>
FL|1375.3|400.0|1375.3|320.0
FL|1375.3|320.0|25.0|320.0
FL|25.0|320.0|25.0|280.0
FL|25.0|280.0|36.18|268.82
FL|36.18|268.82|30.37|193.33
FL|30.37|193.33|17.33|180.29
FL|17.33|180.29|5.0|20.0
FL|5.0|20.0|0.0|20.0
FL|0.0|20.0|0.0|10.0
FL|0.0|10.0|10.0|-0.0
FL|10.0|-0.0|-45.0|-0.0
FL|-45.0|-0.0|-45.0|5.0
FL|-45.0|5.0|-120.0|5.0
FL|-120.0|5.0|-120.0|395.0
FL|-120.0|395.0|-45.0|395.0
FL|-45.0|395.0|-45.0|400.0
FL|-45.0|400.0|1375.3|400.0
F|3345179|<Solid fill>
FA|32.74|-0.1|54.0|-0.1|41.08|0|1
FL|54.0|-0.1|47.01|26.0
FL|47.01|26.0|39.73|26.0
FL|39.73|26.0|32.74|-0.1
FA|35.2|1.36|51.54|1.36|39.08|0|1
FL|51.54|1.36|45.48|24.0
FL|45.48|24.0|41.27|24.0
FL|41.27|24.0|35.2|1.36
F|3532965|<Solid fill>
FL|0.0|50.0|-7.0|50.0
FL|-7.0|50.0|-7.0|70.0
FL|-7.0|70.0|0.0|70.0
FL|0.0|70.0|0.0|50.0
F|3345137|<Solid fill>
FL|20.26|-11.03|19.26|-9.3
FL|19.26|-9.3|15.08|-11.72
FA|15.08|-11.72|13.6|-10.83|1.0|0|0
FL|13.6|-10.83|13.6|16.67
FA|13.6|16.67|14.34|17.63|1.0|0|0
FL|14.34|17.63|36.46|23.56
FA|36.46|23.56|38.6|26.43|3.0|0|1
FL|38.6|26.43|38.6|66.47
FA|38.6|66.47|39.6|66.47|0.5|0|0
FL|39.6|66.47|39.6|52.33
FL|39.6|52.33|41.6|52.33
FL|41.6|52.33|41.6|66.47
FA|41.6|66.47|36.6|66.47|2.5|0|1
FL|36.6|66.47|36.6|26.43
FA|36.6|26.43|35.91|25.48|1.0|0|0
FL|35.91|25.48|13.81|19.56
FA|13.81|19.56|11.6|16.67|3.0|0|1
FL|11.6|16.67|11.6|-10.83
FA|11.6|-10.83|16.06|-13.46|3.0|0|1
FL|16.06|-13.46|20.26|-11.03
F|3345150|<Solid fill>
FL|1375.3|400.0|1375.3|320.0
FL|1375.3|320.0|25.0|320.0
FL|25.0|320.0|25.0|280.0
FL|25.0|280.0|36.18|268.82
FL|36.18|268.82|30.37|193.33
FL|30.37|193.33|17.33|180.29
FL|17.33|180.29|5.0|20.0
FL|5.0|20.0|0.0|20.0
FL|0.0|20.0|0.0|10.0
FL|0.0|10.0|10.0|-0.0
FL|10.0|-0.0|-45.0|-0.0
FL|-45.0|-0.0|-45.0|5.0
FL|-45.0|5.0|-120.0|5.0
FL|-120.0|5.0|-120.0|395.0
FL|-120.0|395.0|-45.0|395.0
FL|-45.0|395.0|-45.0|400.0
FL|-45.0|400.0|1375.3|400.0
F|3291649|13_DP_loofhout_1:5
FL|176.29|429.99|164.29|236.99
FL|164.29|236.99|176.29|236.99
FL|176.29|236.99|176.29|253.99
FL|176.29|253.99|182.29|253.99
FL|182.29|253.99|182.29|429.99
FL|182.29|429.99|176.29|429.99
F|3291649|13_DP_loofhout_1:5
FL|176.29|253.99|164.29|60.99
FL|164.29|60.99|176.29|60.99
FL|176.29|60.99|176.29|77.99
FL|176.29|77.99|182.29|77.99
FL|182.29|77.99|182.29|253.99
FL|182.29|253.99|176.29|253.99
F|4234146|13_DP_loofhout_1:5
FL|-136.51|275.5|-148.51|82.5
FL|-148.51|82.5|-136.51|82.5
FL|-136.51|82.5|-136.51|99.5
FL|-136.51|99.5|-130.51|99.5
FL|-130.51|99.5|-130.51|275.5
FL|-130.51|275.5|-136.51|275.5
F|3429518|16_DP_bekledingsplaat_1:5
FL|-99.29|35.4|-99.29|17.4
FL|-99.29|17.4|100.71|17.4
FL|100.71|17.4|100.71|35.4
FL|100.71|35.4|-99.29|35.4
F|3138835|16_DP_houtachtig_plaatmateriaal_1:5
FL|209.85|80.94|483.18|-124.06
FL|483.18|-124.06|489.18|-106.06
FL|489.18|-106.06|239.85|80.94
FL|239.85|80.94|209.85|80.94
F|3138835|12_DP_naaldhout_1:5
FL|261.64|109.98|239.85|80.94
FL|239.85|80.94|259.05|66.54
FL|259.05|66.54|280.84|95.58
FL|280.84|95.58|261.64|109.98
F|3186693|13_DP_loofhout_1:5
FL|72.63|-152.91|54.63|-152.91
FL|54.63|-152.91|54.63|67.09
FL|54.63|67.09|72.63|67.09
FL|72.63|67.09|72.63|-152.91
F|3218044|12_DP_naaldhout_1:5_135
FL|-23.69|-19.9|75.28|49.4
FL|75.28|49.4|75.28|56.69
FL|75.28|56.69|-23.69|56.69
FL|-23.69|56.69|-23.69|-19.9
F|3429567|13_DP_loofhout_1:5
FL|142.77|-33.08|142.77|-182.44
FL|142.77|-182.44|124.77|-182.44
FL|124.77|-182.44|124.77|-33.08
FL|124.77|-33.08|142.77|-33.08
F|3429567|12_DP_naaldhout_1:5
FL|221.25|63.06|255.3|63.06
FL|255.3|63.06|137.77|-30.43
FL|137.77|-30.43|124.58|-13.84
FL|124.58|-13.84|221.25|63.06
F|3429584|12_DP_naaldhout_1:5
FL|235.02|10.81|235.02|73.28
FL|235.02|73.28|280.02|100.81
FL|280.02|100.81|280.02|10.81
FL|280.02|10.81|235.02|10.81
F|3429567|12_DP_naaldhout_1:5
FL|161.08|20.05|192.38|44.96
FL|192.38|44.96|177.56|63.45
FL|177.56|63.45|144.93|40.36
FL|144.93|40.36|161.08|20.05
F|3429520|00_DP_gips_vert
FL|75.89|-7.53|75.89|-105.02
FL|75.89|-105.02|63.89|-105.02
FL|63.89|-105.02|63.89|-7.53
FL|63.89|-7.53|75.89|-7.53
F|3138835|12_DP_naaldhout_1:5
FL|374.84|-124.06|483.18|-124.06
FL|483.18|-124.06|413.84|-72.06
FL|413.84|-72.06|374.84|-124.06
F|3429572|12_DP_naaldhout_1:5
FL|2.63|41.59|2.63|-63.41
FL|2.63|-63.41|11.63|-63.41
FL|11.63|-63.41|11.63|-48.41
FL|11.63|-48.41|20.63|-48.41
FL|20.63|-48.41|20.63|41.59
FL|20.63|41.59|2.63|41.59
F|3429391|12_DP_naaldhout_1: 20_90
FL|-114.19|-185.01|-128.51|-197.49
FL|-128.51|-197.49|-164.64|-156.02
FL|-164.64|-156.02|-150.31|-143.54
FL|-150.31|-143.54|-114.19|-185.01
F|3429385|12_DP_naaldhout_1: 20_90
FL|-195.29|32.32|-181.2|15.88
FL|-181.2|15.88|-211.41|-10.45
FL|-211.41|-10.45|-225.5|6.0
FL|-225.5|6.0|-195.29|32.32
F|3429650|12_DP_naaldhout_1:5
FL|9.39|-23.02|-8.61|-23.02
FL|-8.61|-23.02|-8.61|21.98
FL|-8.61|21.98|9.39|21.98
FL|9.39|21.98|9.39|-23.02
F|3186718|<Solid fill>
FA|60.0|91.47|55.0|91.47|2.5|0|1
FL|55.0|91.47|55.0|71.47
FA|55.0|71.47|60.0|71.47|2.5|1|1
FL|60.0|71.47|60.0|91.47
F|3245472|00_DP_aluminium
FL|-29.76|-34.0|-23.18|-28.6
FA|-23.18|-28.6|-23.84|-27.79|0.53|1|1
FL|-23.84|-27.79|-30.43|-33.19
FA|-30.43|-33.19|-31.98|-32.44|0.95|0|0
FL|-31.98|-32.44|-31.64|-2.14
FA|-31.64|-2.14|-30.26|-1.96|4.85|0|0
FL|-30.26|-1.96|-23.94|-2.03
FA|-23.94|-2.03|-23.76|-3.47|5.25|0|0
FL|-23.76|-3.47|-23.78|-5.51
FA|-23.78|-5.51|-22.73|-5.52|0.53|0|1
FL|-22.73|-5.52|-22.71|-3.48
FA|-22.71|-3.48|-22.49|-2.05|5.25|0|0
FL|-22.49|-2.05|11.78|-2.43
FA|11.78|-2.43|11.8|-1.38|0.53|1|1
FL|11.8|-1.38|10.0|-1.36
FA|10.0|-1.36|6.82|-1.29|3.4|0|1
FL|6.82|-1.29|4.92|-1.27
FA|4.92|-1.27|1.74|-1.27|3.47|0|1
FL|1.74|-1.27|0.0|-1.25
FA|0.0|-1.25|-3.23|-1.21|3.74|0|1
FL|-3.23|-1.21|-5.0|-1.19
FA|-5.0|-1.19|-8.26|-1.16|3.78|0|1
FL|-8.26|-1.16|-10.0|-1.14
FA|-10.0|-1.14|-13.26|-1.1|3.61|0|1
FL|-13.26|-1.1|-15.0|-1.08
FA|-15.0|-1.08|-18.29|-1.04|4.04|0|1
FL|-18.29|-1.04|-20.0|-1.03
FA|-20.0|-1.03|-21.0|-0.66|0.98|0|1
FL|-21.0|-0.66|-21.94|-0.65
FA|-21.94|-0.65|-23.26|-0.99|1.73|0|1
FL|-23.26|-0.99|-25.0|-0.97
FA|-25.0|-0.97|-26.02|-0.61|1.02|0|1
FL|-26.02|-0.61|-27.4|-0.59
FA|-27.4|-0.59|-28.26|-0.93|0.9|0|1
FL|-28.26|-0.93|-30.0|-0.91
FA|-30.0|-0.91|-30.83|-0.55|0.85|0|1
FA|-30.83|-0.55|-31.62|-0.35|1.22|0|0
FL|-31.62|-0.35|-31.52|9.0
FA|-31.52|9.0|-31.01|9.5|0.5|0|0
FL|-31.01|9.5|-23.09|9.41
FA|-23.09|9.41|-23.07|10.46|0.53|0|1
FL|-23.07|10.46|-31.05|10.55
FA|-31.05|10.55|-32.57|9.07|1.5|0|1
FL|-32.57|9.07|-33.03|-32.43
FA|-33.03|-32.43|-29.76|-34.0|2.0|0|1
F|3291589|<Solid fill>
FL|16.0|-21.14|16.0|-36.68
FA|16.0|-36.68|13.5|-39.3|2.51|0|0
FA|13.5|-39.3|11.0|-36.68|2.51|0|0
FL|11.0|-36.68|11.0|-21.14
FA|11.0|-21.14|13.5|-18.53|2.51|0|0
FA|13.5|-18.53|16.0|-21.14|2.51|0|0
F|3245535|12_DP_naaldhout_1:5
FL|44.97|-55.15|7.97|-55.15
FL|7.97|-55.15|7.97|-65.15
FL|7.97|-65.15|-20.08|-65.15
FL|-20.08|-65.15|-20.08|-25.15
FL|-20.08|-25.15|44.97|-25.15
FL|44.97|-25.15|44.97|-55.15
F|3126479|<Solid fill>
FL|83.57|95.5|73.57|95.5
FL|73.57|95.5|73.57|28.87
FL|73.57|28.87|129.57|28.87
FL|129.57|28.87|129.57|95.5
FL|129.57|95.5|119.36|95.5
FL|119.36|95.5|119.36|120.5
FL|119.36|120.5|83.57|120.5
FL|83.57|120.5|83.57|95.5
F|3186834|12_DP_naaldhout_1:5
FL|175.71|17.07|175.71|-26.93
FL|175.71|-26.93|4.71|-26.93
FL|4.71|-26.93|4.71|17.07
FL|4.71|17.07|175.71|17.07
F|4082186|16_DP_bekledingsplaat_1:5
FL|134.28|76.17|-85.72|76.17
FL|-85.72|76.17|-85.72|56.17
FL|-85.72|56.17|134.28|56.17
FL|134.28|56.17|134.28|76.17
F|4082182|13_DP_loofhout_1:5
FL|85.39|-139.15|103.39|-139.15
FL|103.39|-139.15|103.39|80.85
FL|103.39|80.85|85.39|80.85
FL|85.39|80.85|85.39|-139.15
F|4090049|12_DP_naaldhout_1:5
FL|116.85|44.91|155.86|5.91
FL|155.86|5.91|116.85|5.91
FL|116.85|5.91|116.85|44.91
F|5070362|16_DP_bekledingsplaat_1:5
FL|57.04|-17.65|212.86|-17.65
FL|212.86|-17.65|212.86|-37.65
FL|212.86|-37.65|57.04|-37.65
FL|57.04|-37.65|57.04|-17.65
F|5070362|12_DP_naaldhout_1:5
FL|93.71|43.48|93.71|20.24
FL|93.71|20.24|4.71|20.24
FL|4.71|20.24|4.71|43.48
FL|4.71|43.48|93.71|43.48
F|5070346|16_DP_houtachtig_plaatmateriaal_1:5
FL|102.71|38.07|102.71|20.07
FL|102.71|20.07|-49.29|20.07
FL|-49.29|20.07|-49.29|38.07
FL|-49.29|38.07|102.71|38.07
F|5087428|12_DP_naaldhout_1:5
FL|306.58|-344.9|306.58|-174.9
FL|306.58|-174.9|377.58|-174.9
FL|377.58|-174.9|377.58|-344.9
FL|377.58|-344.9|306.58|-344.9
F|5087446|<Solid fill>
FL|107.39|-116.82|125.39|-116.82
FL|125.39|-116.82|125.39|103.18
FL|125.39|103.18|107.39|103.18
FL|107.39|103.18|107.39|-116.82
F|5087454|00_DP_gips_vert
FL|61.63|46.06|61.63|-80.45
FL|61.63|-80.45|73.63|-80.45
FL|73.63|-80.45|73.63|46.06
FL|73.63|46.06|61.63|46.06
F|5092986|00_DP_gips_vert
FL|79.39|4.64|79.39|-112.28
FL|79.39|-112.28|67.39|-112.28
FL|67.39|-112.28|67.39|4.64
FL|67.39|4.64|79.39|4.64
F|5112798|12_DP_naaldhout_1:5_135
FL|-15.39|-6.23|83.58|50.91
FL|83.58|50.91|83.58|75.86
FL|83.58|75.86|-15.39|75.86
FL|-15.39|75.86|-15.39|-6.23
F|5112817|12_DP_naaldhout_1:5
FL|20.63|59.42|20.63|-87.37
FL|20.63|-87.37|29.63|-87.37
FL|29.63|-87.37|29.63|-64.99
FL|29.63|-64.99|38.63|-64.99
FL|38.63|-64.99|38.63|59.42
FL|38.63|59.42|20.63|59.42
F|5112820|12_DP_naaldhout_1:5
FL|-15.35|-84.53|15.65|-84.53
FL|15.65|-84.53|15.65|20.47
FL|15.65|20.47|-15.35|20.47
FL|-15.35|20.47|-15.35|-84.53
F|3447287|12_DP_naaldhout_1:5
FL|170.63|-164.25|195.64|-164.25
FL|195.64|-164.25|195.64|-147.26
FL|195.64|-147.26|197.43|-147.26
FL|197.43|-147.26|197.43|-173.25
FL|197.43|-173.25|195.63|-173.25
FL|195.63|-173.25|195.63|-170.56
FL|195.63|-170.56|189.13|-170.56
FL|189.13|-170.56|189.13|-173.26
FL|189.13|-173.26|185.69|-173.26
FL|185.69|-173.26|185.69|-172.26
FL|185.69|-172.26|188.13|-172.26
FL|188.13|-172.26|188.13|-166.26
FL|188.13|-166.26|186.63|-166.26
FL|186.63|-166.26|186.63|-167.75
FL|186.63|-167.75|185.69|-167.75
FL|185.69|-167.75|185.69|-166.26
FL|185.69|-166.26|170.63|-166.26
FL|170.63|-166.26|170.63|-164.25
F|5121799|16_DP_houtachtig_plaatmateriaal_1:5
FL|-0.73|-1.08|163.14|-15.42
FL|163.14|-15.42|163.14|-31.1
FL|163.14|-31.1|-0.73|-31.1
FL|-0.73|-31.1|-0.73|-1.08
F|3245540|<Solid fill>
FL|126.46|-126.46|128.46|-126.46
FL|128.46|-126.46|128.46|136.46
FL|128.46|136.46|126.46|136.46
FL|126.46|136.46|126.46|-126.46
F|3186835|00_DP_voeg
FA|33.52|11.59|33.19|7.59|9.57|0|1
FL|33.19|7.59|72.11|7.59
FA|72.11|7.59|72.04|11.59|9.57|0|1
FL|72.04|11.59|33.52|11.59
F|3245536|<Solid fill>
FA|-30.76|-71.0|-31.27|-75.0|9.57|0|1
FL|-31.27|-75.0|24.87|-75.0
FA|24.87|-75.0|24.81|-71.0|9.57|0|1
FL|24.81|-71.0|-30.76|-71.0
F|3186835|00_DP_voeg
FL|5.43|11.59|11.88|11.59
FL|11.88|11.59|11.88|8.89
FL|11.88|8.89|8.13|8.89
FA|8.13|8.89|5.43|11.59|2.7|0|1
F|3893326|<Solid fill>
FA|-15.61|38.17|-11.61|38.5|9.57|0|0
FL|-11.61|38.5|-11.61|-0.41
FA|-11.61|-0.41|-15.61|-0.35|9.57|0|0
FL|-15.61|-0.35|-15.61|38.17
F|3186835|<Solid fill>
FA|31.1|7.59|31.03|11.59|9.57|0|0
FL|31.03|11.59|75.01|11.59
FA|75.01|11.59|74.94|7.59|9.57|0|0
FL|74.94|7.59|31.1|7.59
F|3893256|09_DP_natuursteen_1:5
FL|114.39|72.34|113.5|55.37
FL|113.5|55.37|43.6|59.03
FL|43.6|59.03|44.49|76.01
FL|44.49|76.01|114.39|72.34
F|3893256|16_DP_houtachtig_plaatmateriaal_1:5_90
FL|77.32|-31.13|77.32|55.87
FL|77.32|55.87|87.32|55.87
FL|87.32|55.87|87.32|-31.13
FL|87.32|-31.13|77.32|-31.13
F|4234146|<Solid fill>
FL|138.57|35.33|238.57|35.33
FL|238.57|35.33|238.57|32.83
FA|238.57|32.83|231.07|25.33|7.5|0|0
FL|231.07|25.33|163.57|25.33
FA|163.57|25.33|148.57|10.33|15.0|0|1
FL|148.57|10.33|148.57|-157.17
FA|148.57|-157.17|141.07|-164.67|7.5|0|0
FL|141.07|-164.67|138.57|-164.67
FL|138.57|-164.67|138.57|35.33
F|4234146|<Solid fill>
FL|238.57|-114.73|238.57|-122.67
FL|238.57|-122.67|148.57|-122.67
FL|148.57|-122.67|148.57|-114.73
FL|148.57|-114.73|238.57|-114.73
F|4234146|<Solid fill>
FL|155.64|-114.73|148.57|-107.66
FL|148.57|-107.66|148.57|-114.73
FL|148.57|-114.73|155.64|-114.73
F|4234146|<Solid fill>
FL|155.64|-122.67|148.57|-129.74
FL|148.57|-129.74|148.57|-122.67
FL|148.57|-122.67|155.64|-122.67
F|3218189|<Solid fill>
FL|9.7|17.09|2.63|10.02
FL|2.63|10.02|2.63|17.09
FL|2.63|17.09|9.7|17.09
F|3893512|12_DP_naaldhout_1:5
FL|21.32|11.67|21.32|6.67
FL|21.32|6.67|17.78|3.13
FL|17.78|3.13|-13.68|3.13
FL|-13.68|3.13|-13.68|11.67
FL|-13.68|11.67|21.32|11.67
F|4234146|12_DP_naaldhout_1:5
FL|234.57|5.33|234.57|35.33
FL|234.57|35.33|264.57|5.33
FL|264.57|5.33|234.57|5.33
F|4234146|solid
FL|264.57|5.33|270.82|5.33
FL|270.82|5.33|270.82|27.57
FL|270.82|27.57|242.34|27.57
FL|242.34|27.57|264.57|5.33
F|3893411|12_DP_naaldhout_1:5
FL|57.32|-6.83|57.32|11.17
FL|57.32|11.17|-34.68|11.17
FL|-34.68|11.17|-34.68|-6.83
FL|-34.68|-6.83|57.32|-6.83
F|4234146|<Solid fill>
FL|177.57|-122.67|187.57|-122.67
FL|187.57|-122.67|187.57|-125.67
FL|187.57|-125.67|177.57|-125.67
FL|177.57|-125.67|177.57|-122.67
F|3218139|solid
FL|-39.8|-79.7|-39.8|-127.63
FL|-39.8|-127.63|-64.8|-127.63
FL|-64.8|-127.63|-64.8|-79.7
FL|-64.8|-79.7|-39.8|-79.7
F|4234146|solid
FL|236.46|41.7|267.05|11.1
FL|267.05|11.1|265.4|7.33
FL|265.4|7.33|235.4|37.33
FL|235.4|37.33|236.46|41.7
F|3565225|16_DP_houtachtig_plaatmateriaal_1:5_90
FL|29.32|1.83|29.32|56.83
FL|29.32|56.83|39.32|56.83
FL|39.32|56.83|39.32|1.83
FL|39.32|1.83|29.32|1.83
F|3893662|00_DP_gips_hor
FL|59.89|-85.01|59.89|1.99
FL|59.89|1.99|69.89|1.99
FL|69.89|1.99|69.89|-85.01
FL|69.89|-85.01|59.89|-85.01
F|3530714|solid
FL|-18.0|66.74|-18.0|76.19
FL|-18.0|76.19|-93.0|76.19
FL|-93.0|76.19|-93.0|66.74
FL|-93.0|66.74|-18.0|66.74
F|3530704|solid
FL|-32.0|110.32|-27.0|110.32
FL|-27.0|110.32|-27.0|127.5
FL|-27.0|127.5|-32.0|127.5
FL|-32.0|127.5|-32.0|110.32
F|3537656|12_DP_naaldhout_1:5
FL|750.4|200.0|750.4|238.0
FL|750.4|238.0|566.4|238.0
FL|566.4|238.0|566.4|200.0
FL|566.4|200.0|750.4|200.0
F|3291649|16_DP_houtachtig_plaatmateriaal_1:5
FL|303.77|-462.31|303.77|137.69
FL|303.77|137.69|285.77|137.69
FL|285.77|137.69|285.77|-462.31
FL|285.77|-462.31|303.77|-462.31
F|3530706|<Solid fill>
FL|-3.75|87.0|-3.75|-103.0
FL|-3.75|-103.0|-30.0|-103.0
FL|-30.0|-103.0|-30.0|87.0
FL|-30.0|87.0|-3.75|87.0
F|3530702|<Solid fill>
FL|-4.0|98.0|-4.0|-98.0
FA|-4.0|-98.0|-28.0|-122.0|24.0|0|0
FL|-28.0|-122.0|-140.0|-122.0
FL|-140.0|-122.0|-140.0|-111.67
FL|-140.0|-111.67|-40.0|-111.67
FL|-40.0|-111.67|-40.0|122.0
FL|-40.0|122.0|-28.0|122.0
FA|-28.0|122.0|-4.0|98.0|24.0|0|0
F|3530702|solid
FL|-145.26|103.31|-36.5|103.31
FL|-36.5|103.31|-36.5|104.38
FL|-36.5|104.38|-36.5|117.14
FL|-36.5|117.14|-36.5|119.38
FL|-36.5|119.38|-145.26|119.38
FL|-145.26|119.38|-145.26|103.31
F|3530658|solid
FL|-125.53|100.67|-19.91|100.67
FL|-19.91|100.67|-19.91|102.1
FL|-19.91|102.1|-19.91|120.0
FL|-19.91|120.0|-19.91|122.24
FL|-19.91|122.24|-125.53|122.24
FL|-125.53|122.24|-125.53|100.67
F|3532989|<Solid fill>
FL|158.42|95.31|158.42|106.65
FL|158.42|106.65|188.92|106.65
FL|188.92|106.65|188.92|95.31
FL|188.92|95.31|158.42|95.31
F|3537654|<Solid fill>
FL|763.27|220.0|763.27|150.0
FL|763.27|150.0|1175.0|150.0
FL|1175.0|150.0|1175.0|110.0
FL|1175.0|110.0|1164.94|99.94
FL|1164.94|99.94|1174.99|54.68
FL|1174.99|54.68|1188.01|51.43
FL|1188.01|51.43|1194.99|20.0
FL|1194.99|20.0|1200.0|20.0
FL|1200.0|20.0|1200.0|10.0
FL|1200.0|10.0|1190.0|0.0
FL|1190.0|0.0|1194.69|0.0
FL|1194.69|0.0|1194.69|-18.02
FA|1194.69|-18.02|1215.8|3.02|21.04|0|1
FL|1215.8|3.02|1215.8|157.26
FL|1215.8|157.26|1208.07|165.98
FL|1208.07|165.98|1215.78|165.98
FA|1215.78|165.98|1215.42|170.98|21.0|0|1
FL|1215.42|170.98|1206.69|170.98
FL|1206.69|170.98|1212.89|177.68
FA|1212.89|177.68|1194.8|188.0|21.0|0|1
FL|1194.8|188.0|1100.8|188.0
FL|1100.8|188.0|1085.72|205.0
FL|1085.72|205.0|1070.8|205.0
FL|1070.8|205.0|1070.8|220.0
FL|1070.8|220.0|763.27|220.0
F|3537654|<Solid fill>
FL|1085.72|205.0|1100.8|205.0
FL|1100.8|205.0|1100.8|188.0
FL|1100.8|188.0|1085.72|205.0
F|3530704|<Solid fill>
FL|-3.75|77.5|-32.0|77.5
FL|-32.0|77.5|-32.0|-112.58
FA|-32.0|-112.58|-3.75|-87.1|25.62|0|1
FL|-3.75|-87.1|-3.75|77.5
F|3530648|<Solid fill>
FL|155.0|182.45|155.0|132.45
FL|155.0|132.45|30.0|132.45
FL|30.0|132.45|30.0|182.45
FL|30.0|182.45|155.0|182.45
F|3447277|12_DP_naaldhout_1:5_135
FA|-57.68|56.83|-52.68|71.83|8.51|0|0
FL|-52.68|71.83|-52.68|76.83
FL|-52.68|76.83|169.73|76.83
FL|169.73|76.83|169.73|56.83
FL|169.73|56.83|-57.68|56.83
F|4234146|16_DP_houtachtig_plaatmateriaal_1:5_90
FL|389.16|-119.89|376.43|-132.62
FL|376.43|-132.62|229.72|14.09
FL|229.72|14.09|242.45|26.82
FL|242.45|26.82|389.16|-119.89
F|4234146|02_DP_keramiek_1:5
FL|637.71|222.63|645.89|231.41
FL|645.89|231.41|542.99|327.37
FL|542.99|327.37|534.5|318.88
FL|534.5|318.88|637.71|222.63
F|4234146|02_DP_keramiek_1:5
FL|852.67|5.38|860.85|14.15
FL|860.85|14.15|610.0|248.08
FL|610.0|248.08|601.81|239.3
FL|601.81|239.3|603.28|237.94
FL|603.28|237.94|601.53|227.26
FL|601.53|227.26|609.57|219.76
FL|609.57|219.76|606.89|215.42
FL|606.89|215.42|612.74|209.97
FL|612.74|209.97|624.49|218.16
FL|624.49|218.16|852.67|5.38
F|4234146|12_DP_naaldhout_1: 90
FL|640.0|165.79|656.97|182.76
FL|656.97|182.76|623.03|216.7
FL|623.03|216.7|606.06|199.73
FL|606.06|199.73|640.0|165.79
F|3565235|12_DP_naaldhout_1: 90
FL|250.16|136.48|267.13|153.45
FL|267.13|153.45|233.19|187.39
FL|233.19|187.39|216.22|170.42
FL|216.22|170.42|250.16|136.48
F|4234146|16_DP_houtachtig_plaatmateriaal_1:5_90
FL|545.44|-176.47|539.08|-182.84
FL|539.08|-182.84|285.93|70.31
FL|285.93|70.31|292.3|76.67
FL|292.3|76.67|545.44|-176.47
F|3565235|13_DP_loofhout_1:5
FL|266.19|80.06|296.19|80.06
FL|296.19|80.06|296.19|-181.59
FL|296.19|-181.59|266.19|-181.59
FL|266.19|-181.59|266.19|80.06
F|3565235|12_DP_naaldhout_1:5
FL|266.19|-91.59|141.19|-91.59
FL|141.19|-91.59|141.19|19.27
FL|141.19|19.27|234.09|112.16
FL|234.09|112.16|266.19|80.06
FL|266.19|80.06|266.19|-91.59
F|4234146|12_DP_naaldhout_1:5
FL|346.42|-194.87|448.76|-92.52
FL|448.76|-92.52|521.9|-165.67
FL|521.9|-165.67|521.9|-194.87
FL|521.9|-194.87|346.42|-194.87
F|4234146|01_DP_metselwerk_1:5
FL|776.9|-270.87|591.9|-270.87
FL|591.9|-270.87|591.9|-180.87
FL|591.9|-180.87|776.9|-180.87
FL|776.9|-180.87|776.9|-270.87
F|4234146|12_DP_naaldhout_1:5_135
FL|567.9|-270.87|567.9|-290.87
FL|567.9|-290.87|297.9|-290.87
FL|297.9|-290.87|297.9|-270.87
FL|297.9|-270.87|567.9|-270.87
F|3138835|12_DP_naaldhout_1:5
FL|-59.73|-53.38|-14.73|-53.38
FL|-14.73|-53.38|-14.73|-73.38
FL|-14.73|-73.38|-59.73|-73.38
FL|-59.73|-73.38|-59.73|-53.38
F|3447277|12_DP_naaldhout_1:5
FL|226.32|52.05|226.32|7.05
FL|226.32|7.05|246.32|7.05
FL|246.32|7.05|246.32|52.05
FL|246.32|52.05|226.32|52.05
F|4234146|12_DP_naaldhout_1:5
FL|541.9|-270.87|541.9|-225.87
FL|541.9|-225.87|561.9|-225.87
FL|561.9|-225.87|561.9|-270.87
FL|561.9|-270.87|541.9|-270.87
F|4234146|16_DP_houtachtig_plaatmateriaal_1:5_90
FL|297.9|-270.87|297.9|-83.04
FL|297.9|-83.04|306.9|-83.04
FL|306.9|-83.04|306.9|-270.87
FL|306.9|-270.87|297.9|-270.87
F|4234146|12_DP_naaldhout_1:5_135
FL|297.9|-180.87|286.9|-180.87
FL|286.9|-180.87|286.9|-182.87
FA|286.9|-182.87|279.9|-189.87|7.0|0|1
FL|279.9|-189.87|277.9|-189.87
FL|277.9|-189.87|277.9|-281.87
FL|277.9|-281.87|279.9|-281.87
FA|279.9|-281.87|286.9|-288.87|7.0|0|1
FL|286.9|-288.87|286.9|-290.87
FL|286.9|-290.87|297.9|-290.87
FL|297.9|-290.87|297.9|-180.87
F|3186693|18_DP_staal_1:5
FA|-8.37|-16.91|-14.37|-22.91|6.0|0|1
FL|-14.37|-22.91|-14.37|-111.91
FA|-14.37|-111.91|-8.45|-116.91|6.0|0|1
FL|-8.45|-116.91|79.63|-116.91
FA|79.63|-116.91|85.63|-110.91|6.0|0|1
FL|85.63|-110.91|85.63|-22.83
FA|85.63|-22.83|80.63|-16.91|6.0|0|1
FL|80.63|-16.91|-8.37|-16.91
FA|-7.37|-20.91|-10.37|-23.91|3.0|0|1
FL|-10.37|-23.91|-10.37|-110.62
FA|-10.37|-110.62|-7.45|-112.91|3.0|0|1
FL|-7.45|-112.91|78.63|-112.91
FA|78.63|-112.91|81.63|-109.91|3.0|0|1
FL|81.63|-109.91|81.63|-22.83
FA|81.63|-22.83|80.2|-20.91|2.0|0|1
FL|80.2|-20.91|-7.37|-20.91
F|3186693|17_DP_isolatie_harde persing_1:5
FL|86.34|-64.66|86.34|-94.16
FA|86.34|-94.16|90.34|-94.16|2.0|0|1
FL|90.34|-94.16|90.34|-64.66
FA|90.34|-64.66|86.34|-64.66|2.0|0|1
F|3218189|17_DP_isolatie_harde persing_1:5
FL|43.57|-11.54|14.07|-11.54
FA|14.07|-11.54|14.07|-15.54|2.0|0|1
FL|14.07|-15.54|43.57|-15.54
FA|43.57|-15.54|43.57|-11.54|2.0|0|1
F|3291649|13_DP_loofhout_1:5
FL|46.28|240.8|44.28|242.8
FL|44.28|242.8|-27.72|242.8
FL|-27.72|242.8|-29.72|240.8
FL|-29.72|240.8|-29.72|226.8
FL|-29.72|226.8|-27.72|224.8
FL|-27.72|224.8|44.28|224.8
FL|44.28|224.8|46.28|226.8
FL|46.28|226.8|46.28|240.8
F|3291649|13_DP_loofhout_1:5
FL|125.28|240.8|123.28|242.8
FL|123.28|242.8|51.28|242.8
FL|51.28|242.8|49.28|240.8
FL|49.28|240.8|49.28|226.8
FL|49.28|226.8|51.28|224.8
FL|51.28|224.8|123.28|224.8
FL|123.28|224.8|125.28|226.8
FL|125.28|226.8|125.28|240.8
F|3291649|13_DP_loofhout_1:5
FL|204.28|240.8|202.28|242.8
FL|202.28|242.8|130.28|242.8
FL|130.28|242.8|128.28|240.8
FL|128.28|240.8|128.28|226.8
FL|128.28|226.8|130.28|224.8
FL|130.28|224.8|202.28|224.8
FL|202.28|224.8|204.28|226.8
FL|204.28|226.8|204.28|240.8
F|3291649|13_DP_loofhout_1:5
FL|283.28|240.8|281.28|242.8
FL|281.28|242.8|209.28|242.8
FL|209.28|242.8|207.28|240.8
FL|207.28|240.8|207.28|226.8
FL|207.28|226.8|209.28|224.8
FL|209.28|224.8|281.28|224.8
FL|281.28|224.8|283.28|226.8
FL|283.28|226.8|283.28|240.8
F|3291649|13_DP_loofhout_1:5
FL|362.28|240.8|360.28|242.8
FL|360.28|242.8|288.28|242.8
FL|288.28|242.8|286.28|240.8
FL|286.28|240.8|286.28|226.8
FL|286.28|226.8|288.28|224.8
FL|288.28|224.8|360.28|224.8
FL|360.28|224.8|362.28|226.8
FL|362.28|226.8|362.28|240.8
F|4234146|13_DP_loofhout_1:5
FL|159.26|-68.67|157.26|-66.67
FL|157.26|-66.67|157.26|5.33
FL|157.26|5.33|159.26|7.33
FL|159.26|7.33|173.26|7.33
FL|173.26|7.33|175.26|5.33
FL|175.26|5.33|175.26|-66.67
FL|175.26|-66.67|173.26|-68.67
FL|173.26|-68.67|159.26|-68.67
F|4234146|13_DP_loofhout_1:5
FL|159.26|-285.38|157.26|-287.38
FL|157.26|-287.38|157.26|-359.38
FL|157.26|-359.38|159.26|-361.38
FL|159.26|-361.38|173.26|-361.38
FL|173.26|-361.38|175.26|-359.38
FL|175.26|-359.38|175.26|-287.38
FL|175.26|-287.38|173.26|-285.38
FL|173.26|-285.38|159.26|-285.38
F|4234146|13_DP_loofhout_1:5
FL|159.26|-206.38|157.26|-208.38
FL|157.26|-208.38|157.26|-280.38
FL|157.26|-280.38|159.26|-282.38
FL|159.26|-282.38|173.26|-282.38
FL|173.26|-282.38|175.26|-280.38
FL|175.26|-280.38|175.26|-208.38
FL|175.26|-208.38|173.26|-206.38
FL|173.26|-206.38|159.26|-206.38
F|4234146|13_DP_loofhout_1:5
FL|159.26|-127.38|157.26|-129.38
FL|157.26|-129.38|157.26|-201.38
FL|157.26|-201.38|159.26|-203.38
FL|159.26|-203.38|173.26|-203.38
FL|173.26|-203.38|175.26|-201.38
FL|175.26|-201.38|175.26|-129.38
FL|175.26|-129.38|173.26|-127.38
FL|173.26|-127.38|159.26|-127.38
F|3894206|<Solid fill>
FL|162.7|-170.99|149.88|-170.99
FL|149.88|-170.99|149.88|-168.99
FL|149.88|-168.99|162.7|-168.99
FL|162.7|-168.99|162.7|-170.99
FL|164.71|-111.52|169.71|-111.52
FL|169.71|-111.52|169.71|-146.33
FL|169.71|-146.33|164.71|-146.33
FL|164.71|-146.33|164.71|-111.52
F|3894206|<Solid fill>
FL|147.71|-170.99|169.71|-170.99
FL|169.71|-170.99|169.71|-72.81
FL|169.71|-72.81|169.71|-62.99
FL|169.71|-62.99|142.41|-62.99
FL|142.41|-62.99|142.41|-170.99
FL|142.41|-170.99|147.71|-170.99
F|3894206|<Solid fill>
FL|2.71|-10.99|2.71|-23.81
FL|2.71|-23.81|4.71|-23.81
FL|4.71|-23.81|4.71|-10.99
FL|4.71|-10.99|2.71|-10.99
FL|62.17|-8.99|62.17|-3.99
FL|62.17|-3.99|27.36|-3.99
FL|27.36|-3.99|27.36|-8.99
FL|27.36|-8.99|62.17|-8.99
F|3894206|<Solid fill>
FL|2.71|-25.99|2.71|-3.99
FL|2.71|-3.99|100.89|-3.99
FL|100.89|-3.99|110.71|-3.99
FL|110.71|-3.99|110.71|-31.28
FL|110.71|-31.28|2.71|-31.28
FL|2.71|-31.28|2.71|-25.99
F|3894217|<Solid fill>
FL|2.71|11.07|2.71|23.89
FL|2.71|23.89|4.71|23.89
FL|4.71|23.89|4.71|11.07
FL|4.71|11.07|2.71|11.07
FL|62.17|9.07|62.17|4.07
FL|62.17|4.07|27.36|4.07
FL|27.36|4.07|27.36|9.07
FL|27.36|9.07|62.17|9.07
F|3894217|<Solid fill>
FL|2.71|26.07|2.71|4.07
FL|2.71|4.07|100.89|4.07
FL|100.89|4.07|110.71|4.07
FL|110.71|4.07|110.71|31.36
FL|110.71|31.36|2.71|31.36
FL|2.71|31.36|2.71|26.07
F|3894593|13_DP_loofhout_1:5
FL|86.32|-27.1|29.32|-27.1
FL|29.32|-27.1|29.32|-44.1
FL|29.32|-44.1|-27.68|-44.1
FL|-27.68|-44.1|-27.68|45.9
FL|-27.68|45.9|86.32|45.9
FL|86.32|45.9|86.32|-27.1
F|3894593|<Solid fill>
FL|-10.68|43.83|-10.68|21.83
FL|-10.68|21.83|87.5|21.83
FL|87.5|21.83|97.32|21.83
FL|97.32|21.83|97.32|49.13
FL|97.32|49.13|-10.68|49.13
FL|-10.68|49.13|-10.68|43.83
F|3894593|<Solid fill>
FL|-10.68|28.84|-10.68|41.66
FL|-10.68|41.66|-8.68|41.66
FL|-8.68|41.66|-8.68|28.84
FL|-8.68|28.84|-10.68|28.84
FL|48.78|26.83|48.78|21.83
FL|48.78|21.83|13.97|21.83
FL|13.97|21.83|13.97|26.83
FL|13.97|26.83|48.78|26.83
F|3894605|13_DP_loofhout_1:5
FL|-28.68|-29.17|28.32|-29.17
FL|28.32|-29.17|28.32|-46.17
FL|28.32|-46.17|85.32|-46.17
FL|85.32|-46.17|85.32|43.83
FL|85.32|43.83|-28.68|43.83
FL|-28.68|43.83|-28.68|-29.17
F|3894605|<Solid fill>
FL|68.32|43.83|68.32|21.83
FL|68.32|21.83|-29.86|21.83
FL|-29.86|21.83|-39.68|21.83
FL|-39.68|21.83|-39.68|49.13
FL|-39.68|49.13|68.32|49.13
FL|68.32|49.13|68.32|43.83
F|3894605|<Solid fill>
FL|68.32|28.84|68.32|41.66
FL|68.32|41.66|66.32|41.66
FL|66.32|41.66|66.32|28.84
FL|66.32|28.84|68.32|28.84
FL|8.85|26.83|8.85|21.83
FL|8.85|21.83|43.67|21.83
FL|43.67|21.83|43.67|26.83
FL|43.67|26.83|8.85|26.83
F|3894217|<Solid fill>
FL|2.71|147.06|2.71|134.24
FL|2.71|134.24|4.71|134.24
FL|4.71|134.24|4.71|147.06
FL|4.71|147.06|2.71|147.06
FL|62.17|149.07|62.17|154.07
FL|62.17|154.07|27.36|154.07
FL|27.36|154.07|27.36|149.07
FL|27.36|149.07|62.17|149.07
F|3894217|<Solid fill>
FL|2.71|132.07|2.71|154.07
FL|2.71|154.07|100.89|154.07
FL|100.89|154.07|110.71|154.07
FL|110.71|154.07|110.71|126.77
FL|110.71|126.77|2.71|126.77
FL|2.71|126.77|2.71|132.07
F|3186835|12_DP_naaldhout_1:20
FL|62.32|-2.83|62.32|-28.83
FL|62.32|-28.83|-6.0|-28.83
FL|-6.0|-28.83|-6.0|-2.83
FL|-6.0|-2.83|62.32|-2.83
F|3894397|00_DP_plaatmateriaal_MDF
FL|91.52|-140.16|85.88|-142.21
FL|85.88|-142.21|-5.44|108.69
FL|-5.44|108.69|0.2|110.74
FL|0.2|110.74|91.52|-140.16
F|3894448|00_DP_plaatmateriaal_MDF
FL|109.61|-127.82|115.25|-129.87
FL|115.25|-129.87|213.75|140.75
FL|213.75|140.75|208.11|142.81
FL|208.11|142.81|109.61|-127.82
F|3894289|00_DP_plaatmateriaal_MDF
FL|123.42|-147.59|129.06|-149.64
FL|129.06|-149.64|227.57|121.02
FL|227.57|121.02|221.93|123.07
FL|221.93|123.07|123.42|-147.59
F|3894289|solid
FL|120.74|8.79|-29.61|63.51
FL|-29.61|63.51|-29.61|166.74
FL|-29.61|166.74|-29.61|170.04
FL|-29.61|170.04|154.98|102.85
FL|154.98|102.85|120.74|8.79
F|3429518|<Solid fill>
FL|102.71|-9.6|102.71|-31.6
FL|102.71|-31.6|4.53|-31.6
FL|4.53|-31.6|-5.29|-31.6
FL|-5.29|-31.6|-5.29|-4.3
FL|-5.29|-4.3|102.71|-4.3
FL|102.71|-4.3|102.71|-9.6
F|3429518|<Solid fill>
FL|102.71|-24.59|102.71|-11.77
FL|102.71|-11.77|100.71|-11.77
FL|100.71|-11.77|100.71|-24.59
FL|100.71|-24.59|102.71|-24.59
FL|43.24|-26.6|43.24|-31.6
FL|43.24|-31.6|78.06|-31.6
FL|78.06|-31.6|78.06|-26.6
FL|78.06|-26.6|43.24|-26.6
F|3894021|<Solid fill>
FL|153.32|-9.96|153.32|2.86
FL|153.32|2.86|151.32|2.86
FL|151.32|2.86|151.32|-9.96
FL|151.32|-9.96|153.32|-9.96
FL|93.85|-11.97|93.85|-16.97
FL|93.85|-16.97|128.67|-16.97
FL|128.67|-16.97|128.67|-11.97
FL|128.67|-11.97|93.85|-11.97
F|3894021|<Solid fill>
FL|153.32|5.03|153.32|-16.97
FL|153.32|-16.97|55.14|-16.97
FL|55.14|-16.97|45.32|-16.97
FL|45.32|-16.97|45.32|10.33
FL|45.32|10.33|153.32|10.33
FL|153.32|10.33|153.32|5.03
F|3429518|13_DP_loofhout_1:5
FL|5.71|-82.6|59.71|-82.6
FL|59.71|-82.6|59.71|-99.6
FL|59.71|-99.6|99.71|-99.6
FL|99.71|-99.6|99.71|-94.6
FL|99.71|-94.6|104.71|-94.6
FL|104.71|-94.6|109.71|-99.6
FL|109.71|-99.6|119.71|-99.6
FL|119.71|-99.6|119.71|-9.6
FL|119.71|-9.6|5.71|-9.6
FL|5.71|-9.6|5.71|-82.6
F|3429518|12_DP_naaldhout_1:20
FL|5.71|-82.6|59.71|-82.6
FL|59.71|-82.6|59.71|-99.6
FL|59.71|-99.6|99.71|-99.6
FL|99.71|-99.6|99.71|-94.6
FL|99.71|-94.6|104.71|-94.6
FL|104.71|-94.6|109.71|-99.6
FL|109.71|-99.6|119.71|-99.6
FL|119.71|-99.6|119.71|-9.6
FL|119.71|-9.6|102.71|-9.6
FL|102.71|-9.6|102.71|-31.6
FL|102.71|-31.6|5.71|-31.6
FL|5.71|-31.6|5.71|-82.6
F|3291649|00_DP_gips_hor
FL|0.28|-138.82|0.28|-126.32
FL|0.28|-126.32|229.64|-126.32
FL|229.64|-126.32|229.64|-138.82
FL|229.64|-138.82|0.28|-138.82
F|3291649|00_DP_gips_hor
FL|0.28|-126.32|0.28|-113.82
FL|0.28|-113.82|188.98|-113.82
FL|188.98|-113.82|188.98|-126.32
FL|188.98|-126.32|0.28|-126.32
F|4234146|00_DP_gips_hor
FL|126.36|295.23|126.36|282.73
FL|126.36|282.73|355.72|282.73
FL|355.72|282.73|355.72|295.23
FL|355.72|295.23|126.36|295.23
F|4234146|00_DP_gips_hor
FL|126.36|282.73|126.36|270.23
FL|126.36|270.23|315.06|270.23
FL|315.06|270.23|315.06|282.73
FL|315.06|282.73|126.36|282.73
F|4234146|00_DP_gips_hor
FL|91.14|-107.81|91.14|-95.31
FL|91.14|-95.31|320.5|-95.31
FL|320.5|-95.31|320.5|-107.81
FL|320.5|-107.81|91.14|-107.81
F|4234146|00_DP_gips_hor
FL|91.14|-182.81|91.14|-195.31
FL|91.14|-195.31|320.5|-195.31
FL|320.5|-195.31|320.5|-182.81
FL|320.5|-182.81|91.14|-182.81
F|4234146|00_DP_gips_hor
FL|106.14|-195.31|106.14|-207.81
FL|106.14|-207.81|294.84|-207.81
FL|294.84|-207.81|294.84|-195.31
FL|294.84|-195.31|106.14|-195.31
F|4234146|00_DP_tegels
FL|156.88|-93.31|156.88|-87.31
FL|156.88|-87.31|292.03|-87.31
FL|292.03|-87.31|292.03|-93.31
FL|292.03|-93.31|156.88|-93.31
F|3717858|00_DP_voeg
FL|-10.21|110.17|-9.45|101.0
FL|-9.45|101.0|-13.3|101.0
FL|-13.3|101.0|-13.3|109.0
FA|-13.3|109.0|-10.21|110.17|4.67|0|1
F|3717858|00_DP_hout_naaldhout_135?
FL|44.5|28.5|41.5|-11.5
FL|41.5|-11.5|50.5|-11.5
FL|50.5|-11.5|50.5|28.5
FL|50.5|28.5|44.5|28.5
F|3717858|00_DP_voeg
FL|-10.21|-8.17|-9.45|1.0
FL|-9.45|1.0|-13.3|1.0
FL|-13.3|1.0|-13.3|-7.0
FA|-13.3|-7.0|-10.21|-8.17|4.67|0|0
F|3186637|<Solid fill>
FL|121.83|-118.0|118.83|-118.0
FL|118.83|-118.0|118.83|-127.28
FL|118.83|-127.28|121.83|-127.28
FL|121.83|-127.28|121.83|-118.0
F|3186637|00_DP_hout_naaldhout_135?
FL|118.83|-112.91|118.83|-118.0
FL|118.83|-118.0|121.83|-118.0
FL|121.83|-118.0|121.83|-114.0
FL|121.83|-114.0|118.83|-112.91
F|3717894|00_DP_gips_vert
FL|25.5|112.01|13.0|112.01
FL|13.0|112.01|13.0|-10.0
FL|13.0|-10.0|25.5|-10.0
FL|25.5|-10.0|25.5|112.01
F|3717894|00_DP_gips_vert
FL|38.0|112.01|25.5|112.01
FL|25.5|112.01|25.5|-10.0
FL|25.5|-10.0|38.0|-10.0
FL|38.0|-10.0|38.0|112.01
F|3717894|00_DP_hout_naaldhout_135?
FL|44.5|-8.5|4.5|-11.5
FL|4.5|-11.5|50.5|-11.5
FL|50.5|-11.5|50.5|-8.5
FL|50.5|-8.5|44.5|-8.5
F|3717894|<Solid fill>
FL|51.5|23.5|49.5|23.5
FL|49.5|23.5|49.5|-6.5
FL|49.5|-6.5|51.5|-6.5
FL|51.5|-6.5|51.5|23.5
F|3717940|00_DP_voeg
FL|58.38|29.35|65.87|29.35
FA|65.87|29.35|63.77|34.23|6.1|0|0
FA|63.77|34.23|62.0|33.5|2.5|0|0
FL|62.0|33.5|58.38|33.5
FL|58.38|33.5|58.38|29.35
F|3717940|<Solid fill>
FL|49.5|15.1|49.5|18.35
FL|49.5|18.35|59.5|18.35
FL|59.5|18.35|59.5|15.1
FL|59.5|15.1|49.5|15.1
F|3717940|00_DP_voeg
FL|65.87|18.35|59.5|18.35
FL|59.5|18.35|59.5|15.1
FL|59.5|15.1|63.0|15.1
FA|63.0|15.1|64.06|14.66|1.5|0|0
FA|64.06|14.66|65.87|18.35|4.67|0|0
F|3717940|00_DP_hout_naaldhout_135?
FL|-0.5|28.5|2.5|-11.5
FL|2.5|-11.5|-6.5|-11.5
FL|-6.5|-11.5|-6.5|28.5
FL|-6.5|28.5|-0.5|28.5
F|3717940|00_DP_gips_vert
FL|22.0|71.99|7.0|71.99
FL|7.0|71.99|7.0|-10.95
FA|7.0|-10.95|9.5|-12.0|3.5|0|1
FL|9.5|-12.0|22.0|-12.0
FL|22.0|-12.0|22.0|71.99
F|3717940|00_DP_gips_vert
FL|22.0|71.99|37.0|71.99
FL|37.0|71.99|37.0|-12.0
FL|37.0|-12.0|22.0|-12.0
FL|22.0|-12.0|22.0|71.99
F|3126464|<Solid fill>
FA|192.86|-275.93|202.16|-275.93|4.65|0|1
FA|202.16|-275.93|192.86|-275.93|4.65|0|1
F|3126464|<Solid fill>
FA|365.51|-280.58|365.51|-271.28|4.65|0|0
FA|365.51|-271.28|365.51|-280.58|4.65|0|0
F|3530718|solid
FL|334.0|-6.0|334.0|4.0
FL|334.0|4.0|228.0|4.0
FL|228.0|4.0|228.0|-6.0
FL|228.0|-6.0|334.0|-6.0
F|3530698|solid
FL|-192.0|135.0|-192.0|155.0
FL|-192.0|155.0|-32.0|155.0
FL|-32.0|155.0|-12.0|155.0
FL|-12.0|155.0|-12.0|-155.0
FL|-12.0|-155.0|78.0|-155.0
FL|78.0|-155.0|78.0|-175.0
FL|78.0|-175.0|-12.0|-175.0
FL|-12.0|-175.0|-32.0|-175.0
FL|-32.0|-175.0|-32.0|135.0
FL|-32.0|135.0|-192.0|135.0
F|3530698|solid
FL|-12.0|147.0|-12.0|-147.5
FL|-12.0|-147.5|0.0|-147.5
FL|0.0|-147.5|0.0|147.0
FL|0.0|147.0|-12.0|147.0
F|3530698|<Solid fill>
FA|95.0|155.0|100.0|150.0|5.0|0|0
FL|100.0|150.0|100.0|145.0
FL|100.0|145.0|98.0|145.0
FL|98.0|145.0|98.0|150.0
FA|98.0|150.0|95.0|153.0|3.0|0|1
FL|95.0|153.0|55.0|153.0
FA|55.0|153.0|52.0|150.0|3.0|0|1
FL|52.0|150.0|52.0|-40.0
FA|52.0|-40.0|55.0|-43.0|3.0|0|1
FL|55.0|-43.0|95.0|-43.0
FA|95.0|-43.0|98.0|-40.0|3.0|0|1
FL|98.0|-40.0|98.0|-35.0
FL|98.0|-35.0|100.0|-35.0
FL|100.0|-35.0|100.0|-40.0
FA|100.0|-40.0|95.0|-45.0|5.0|0|0
FL|95.0|-45.0|55.0|-45.0
FA|55.0|-45.0|50.0|-40.0|5.0|0|0
FL|50.0|-40.0|50.0|150.0
FA|50.0|150.0|55.0|155.0|5.0|0|0
FL|55.0|155.0|95.0|155.0
F|3530698|solid
FL|57.0|139.5|57.0|-40.0
FL|57.0|-40.0|52.0|-40.0
FL|52.0|-40.0|52.0|139.5
FL|52.0|139.5|57.0|139.5
F|3530698|16_DP_houtachtig_plaatmateriaal_1:5
FL|498.0|155.0|498.0|180.0
FL|498.0|180.0|-42.0|180.0
FL|-42.0|180.0|-42.0|155.0
FL|-42.0|155.0|498.0|155.0
F|3530698|<Solid fill>
FL|-42.0|160.0|-42.0|130.0
FL|-42.0|130.0|-197.0|130.0
FL|-197.0|130.0|-197.0|160.0
FL|-197.0|160.0|-42.0|160.0
F|3530700|solid
FL|150.0|-60.0|4.5|-60.0
FL|4.5|-60.0|4.5|97.5
FL|4.5|97.5|33.0|126.0
FL|33.0|126.0|150.0|126.0
FL|150.0|126.0|150.0|-60.0
F|3534763|solid
FL|159.5|-40.0|14.0|-40.0
FL|14.0|-40.0|14.0|117.5
FL|14.0|117.5|38.55|142.05
FL|38.55|142.05|159.5|142.05
FL|159.5|142.05|159.5|-40.0
F|3138835|12_DP_naaldhout_1:5
FL|18.28|-99.82|57.28|-138.82
FL|57.28|-138.82|18.28|-138.82
FL|18.28|-138.82|18.28|-99.82
F|3126464|solid
FL|128.61|-145.67|128.61|-157.67
FL|128.61|-157.67|-107.12|-157.67
FL|-107.12|-157.67|-107.12|-145.67
FL|-107.12|-145.67|128.61|-145.67
F|4234146|13_DP_loofhout_1:5
FL|71.51|-172.64|59.28|-172.64
FL|59.28|-172.64|59.28|-162.64
FL|59.28|-162.64|47.51|-162.64
FL|47.51|-162.64|47.51|-172.64
FL|47.51|-172.64|32.51|-172.64
FL|32.51|-172.64|32.51|-162.64
FL|32.51|-162.64|27.51|-162.64
FL|27.51|-162.64|27.51|-172.64
FL|27.51|-172.64|27.51|-193.01
FL|27.51|-193.01|16.51|-189.0
FL|16.51|-189.0|16.51|-116.54
FL|16.51|-116.54|32.01|-110.9
FL|32.01|-110.9|32.01|-125.9
FL|32.01|-125.9|71.51|-125.9
FL|71.51|-125.9|71.51|-172.64
F|3186637|<Solid fill>
FL|41.3|74.35|41.3|64.35
FL|41.3|64.35|43.0|64.35
FL|43.0|64.35|43.0|74.35
FL|43.0|74.35|41.3|74.35
FL|64.0|75.98|64.0|65.98
FL|64.0|65.98|65.8|65.98
FL|65.8|65.98|65.8|75.98
FL|65.8|75.98|64.0|75.98
F|4234146|<Solid fill>
FL|32.01|-122.7|32.01|-112.7
FL|32.01|-112.7|33.81|-112.7
FL|33.81|-112.7|33.81|-122.7
FL|33.81|-122.7|32.01|-122.7
FL|54.81|-123.35|54.81|-113.35
FL|54.81|-113.35|56.51|-113.35
FL|56.51|-113.35|56.51|-123.35
FL|56.51|-123.35|54.81|-123.35
F|4234146|13_DP_loofhout_1:5
FL|71.51|-125.9|56.51|-125.9
FL|56.51|-125.9|56.51|-113.9
FL|56.51|-113.9|58.51|-113.9
FL|58.51|-113.9|58.51|-111.49
FA|58.51|-111.49|59.1|-110.9|0.59|0|0
FL|59.1|-110.9|71.51|-110.9
FL|71.51|-110.9|71.51|-125.9
F|3138835|16_DP_houtachtig_plaatmateriaal_1:5
FL|0.28|111.29|18.28|111.29
FL|18.28|111.29|18.28|-278.82
FL|18.28|-278.82|0.28|-278.82
FL|0.28|-278.82|0.28|111.29
